17411
38742
45178
55330
55424
55732
55745
58427
58469
58697
59317
59355
59381
131284
132104
132173
132222
132404
132471
133066
133076
133174
133202
133533
133894
134112
134134
135298
135376
136400
136454
136479
136774
136986
137039
137040
137246
137276
137450
137475
137824
137895
137975
138322
139651
139697
139770
139885
140082
140908
141224
141355
141447
142051
142541
142570
149024
149173
149771
150155
150401
151062
151081
151329
152123
153323
153324
153384
153394
153557
153669
153711
153854
153975