5414
5576
6843
8661
12783
21183
21246
29170
29238
33924
33983
35047
35444
38916
39237
39611
41439
42313
42409
42460
43272
47394
47588
48014
48265
48510
50091
50616
50973
56468
56782
57070
57388
57961
58137
58166
60304
60352
60471
196838
197445
197706
198279
198890
199276
200045
201249
201524
201708
201967
202080
202179
202433
202558
202710
202821
203063
203675
204100
204285
204816
204894
205110
205140
205244
205278
205832
206088
206262
206358
207047
207330
207368
207385
207502
207876
208286
208630
208734
209240
209277
209302
209442
209465
209839
210003
210125
210693
210740
210748
210964
211080
211098
211147
211210
211356
211385
211458
211468
211470
211555
212637
212752
212766
212986
213206
213295
213363
213612
213683
213900
214345
214469
215025
215707
215773
215883
215910
215946
216046
216122
216280
216312
216325