6682
8226
8932
12297
16190
21104
33852
34083
34492
35303
39344
39355
39863
41965
42031
42109
42688
42991
43733
44153
44395
44778
47623
47642
47975
48008
48110
48244
48675
48860
48861
49037
49363
49482
49800
50250
50496
50623
50635
51090
51225
51327
51342
51354
51493
51693
52160
56561
56862
56956
56974
57162
57203
57206
57491
57849
196709
197497
197805
197834
198265
198441
199062
199620
199673
199698
199968
200205
200526
200896
201063
201363
201589
201639
201884
201921
201986
202269
202515
203739
204194
204241
204267
204620
205277
205293
205368
206543
206748
206783
207081
207400
207810
207980
207991
208339
208526
208997
209176
209262
209778
210131
210147
210315
210381
210520
210677
211092
211706
211793
212183
212505
212552
212749
212898
213134
213827
214198
214287
214729
214869
214977
215102
215157
215416
215421
215501
215644
215719
215972
216058
216086
216165
216400