676
3449
3597
3631
4270
4387
4926
4967
5648
5692
5745
6121
7005
7049
7303
7340
7417
7803
7908
7934
7980
8066
8178
10277
10318
10452
10481
10605
10606
10617
10640
10671
10697
10757
10785
10795
10834
10895
10964
10983
10992
11008
11014
11058
11063
11193
11256
11311
11315
11356
11373
11392
11411
11451
11498
11514
11571
11599
11642
11664
11750
11786
11815
12150
12264
13316
13318
13474
13514
13585
13835
13929
13934
13936
14069
14232
14286
14339
14535
14674
14769
14845
15034
15064
15078
15252
15274
16418
16528
16701
16732
16814
16975
17069
17399
17401
18455
18496
18576
19037
19064
19109
19244
19315
19519
19553
19583
19889
19978
20043
20106
20117
20207
20305
20321
20363
20418
21590
21756
21824
21838
22080
22185
22501
22678
22699
22798
22927
25998
26418
26593
26594
26608
26621
27655
27658
27662
27674
27690
27691
27692
27700
27709
27711
27713
27718
27730
27736
27739
27744
27747
27751
27754
27756
27770
27779
27787
27790
27792
27797
27813
27818
27822
27823
27826
27827
27830
27833
27851
27858
27865
27870
27871
27875
27877
27879
27881
27883
27885
27894
27898
27907
27917
27926
27927
27934
27935
27940
27949
27950
27953
27955
27960
27961
27964
27967
27969
27971
27976
27977
27980
27981
27983
27984
27987
27988
27993
27994
27996
27997
28009
28015
28019
28020
28023
28026
28028
28029
28034
28035
28037
28038
28040
28048
28051
28052
28065
28066
28068
28073
28075
28080
28093
28100
28107
28109
28111
28114
28117
28318
52232
52235
52236
52240
52251
52255
52259
52268
52270
52271
52273
52275
52277
52279
52283
52290
52291
52292
52293
52294
52295
52296
52299
52300
52303
52307
52308
52311
52312
52314
52316
52317
52318
52319
52321
52322
52323
52324
52326
52327
52328
52329
52332
52333
52339
52346
52347
52348
52349
52350
52351
52352
52354
52357
52359
52360
52361
52363
52364
52367
52369
52370
52371
52372
52373
52374
52375
52376
52378
52380
52381
52383
52384
52387
52388
52394
52397
52399
52401
52402
52403
52404
52405
52406
52409
52410
52413
52414
52415
52419
52420
52424
52425
52426
52427
52428
52430
52431
52432
52436
52438
52440
52442
52444
52447
52453
52459
52465
52473
52474
52475
52477
52480
52481
52484
52486
52490
52491
52492
52493
52496
52498
52500
52503
52504
52505
52506
52507
52508
52509
61441
61443
61448
61449
61451
61452
61456
61465
61470
61476
61480
61481
61484
61486
61487
61490
61493
61494
61495
61496
61500
61501
61504
61505
61508
61509
61510
61514
61515
61516
61517
61518
61519
61520
61521
61523
61552
61553
61554
61555
64099
64100
64103
64104
64105
64106
64109
64117
64118
64123
64137
64138
64151
219814
262150
262151
262156
262170
262174
262175
262187
262189
262192
262194
262195
262196
262201
262208
262216
262219
262222
262229
262230
262231
262249
262258
262259
262264
262265
262266
262932
262934
262935
263172
263178
263181
263183
263186
263190
263194
263196
263197
263198
263200
263204
263205
263206
263209
263213
263217
263219
263221
263226
263230
263233
263235
263236
263241
263244
263684
263687
263693
263697
263699
263704
263707
263712
263715
263716
263718
263720
263721
263722
263724
263726
263729
263736
263737
263739
263741
263742
263746
263754
263755
263756
263757
263764
263766
263768
263769
263770
263774
263775
263776
263777
263778
263780
263782
263786
263789
263790
263791
263793
263800
263801
263808
263809
263810
263811
263812
263814
263815
263818
263820
263822
263823
263825
263827
263830
263833
263834
264607
264608
264610
264611
264613
264614
264618
264619
264622
264623
264624
264625
264627
264629
264630
264634
264638
264642
264643
264649
264650
264651
264652
264656
264657
264666
264667
264669
264672
264673
264674
264675
264678
264679
264680
264683
264685
264687
264688
264689
264691
264692
264695
264697
264699
264700
264701
264702
264704
264708
264712
264715
264716
264721
264723
264725
264726
264727
264732
264736
264737
264738
264739
264740
264741
264742
264743
264745
264748
264751
264752
264753
264754
264757
264758
264759
264760
264761
264765
264767
264768
264769
264771
264774
264776
264781
264784
264785
264786
264787
264790
264791
264792
264795
264797
264798
264800
264808
264809
264810
264815
264818
264822
264823
264830
264831
264832
264834
264848
264849
264852
264856
264857
265630
265634
265635
265637
265638
265639
265640
265643
265646
265648
265651
265653
265655
265658
265659
265660
265661
265663
265673
265674
265676
265679
265683
265685
265686
265687
265689
265690
265692
265694
265697
265699
265700
265701
265702
265704
265707
265708
265709
265713
265715
265719
265720
265722
265723
265725
265729
265730
265731
265732
265733
265736
265737
265738
265739
265740
265741
265744
265746
265748
265749
265750
265751
265754
265755
265758
265760
265763
265765
265768
265771
265772
265773
265774
265776
265777
265778
265781
265783
265784
265786
265790
265791
265792
265793
265795
265796
265798
265800
265801
265802
265804
265805
265806
265807
265808
265809
265810
265813
265816
265817
265819
265821
265823
265824
265828
265829
265834
265835
265836
265837
265841
265842
265843
265844
265845
265847
265848
265852
265853
265854
265856
265857
265859
265860
265862
265865
265866
265868
265870
265874
265876
265877
265879
265882
265883
265884
266653
266654
266656
266659
266660
266661
266663
266666
266668
266670
266674
266675
266680
266682
266683
266684
266685
266687
266689
266690
266693
266699
266700
266701
266702
266703
266704
266705
266707
266708
266710
266721
266725
266729
266733
266735
266739
266740
266741
266743
266744
266749
266750
266752
266753
266754
266758
266759
266760
266761
266763
266764
266767
266768
266769
266772
266773
266775
266777
266778
266781
266785
266786
266788
266791
266793
266794
266796
266799
266800
266806
266807
266810
266813
266819
266821
266822
266829
266836
266837
266838
266843
266845
266850
266854
266861
266863
266871
266872
266873
266874
266883
266884
266885
266888
266889
266890
266892
266897
266898
266899
266905
267679
267680
267681
267683
267686
267687
267688
267689
267690
267694
267695
267696
267703
267706
267707
267710
267711
267712
267714
267720
267721
267729
267730
267731
267732
267734
267735
267736
267738
267741
267750
267751
267759
267762
267763
267764
267766
267771
267772
267773
267779
267782
267785
267786
267791
267792
267793
267794
267798
267801
267802
267804
267808
267812
267816
267817
267819
267820
267821
267822
267824
267825
267827
267829
267830
267833
267835
267836
267839
267844
267847
267850
267852
267854
267856
267861
267864
267865
267866
267867
267870
267873
267874
267875
267876
267878
267879
267882
267887
267889
267891
267895
267897
267899
267900
267901
267903
267909
267910
267912
267913
267915
267918
267921
267925
267930
269726
269727
269739
269744
269747
269752
269753
269754
269757
269759
269762
269764
269766
269767
269768
269776
269778
269779
269781
269784
269785
269786
269795
269798
269801
269802
269808
269809
269810
269813
269814
269817
269818
269819
269821
269823
269833
269834
269835
269839
269847
269849
269851
269854
269858
269860
269861
269865
269870
269872
269873
269874
269881
269882
269886
269890
269892
269897
269903
269906
269909
269910
269911
269912
269915
269916
269917
269924
269929
269933
269939
269943
269952
269957
269961
269968
269970
269978
269979
269987
269994
269995
269996
269997
270000
270001
270002
270004
270005
270011
270015
270017
270021
270022
270027
270033
270041
270043
270044
270047
270048
270053
270054
270055
270060
270061
270063
270066
270070
270072
270077
270079
270083
270089
270091
270097
270099
270101
270103
270105
270106
271774
271776
271779
271782
271784
271787
271790
271794
271796
271797
271798
271800
271810
271811
271815
271823
271832
271848
271853
271856
271863
271864
271878
271879
271881
271883
271886
271887
271888
271892
271910
271912
271913
271914
271922
271926
271944
271949
271953
271961
271970
271973
271974
271980
271984
271985
271991
272005
272006
272010
272016
272017
272030
272035
272038
272039
272042
272046
272050
272052
272053
272064
272066
272068
272078
272090
272107
272113
272114
272116
272117
272124
272131
272133
272143
272145
272150
272152
272155
272799
272800
272802
272803
272810
272815
272824
272826
272834
272839
272843
272845
272862
272870
272872
272873
272878
272879
272885
272893
272901
272902
272903
272905
272922
272925
272928
272931
272933
272941
272945
272947
272964
272975
272982
272994
273005
273016
273021
273044
273046
273050
273056
273060
273065
273076
273088
273096
273104
273111
273116
273129
273137
273151
273164
273170
273175
273227
273240
273833
273840
273841
273846
273860
273865
273880
273900
273912
273922
273928
273930
273932
273938
273942
273945
273947
273952
273965
273969
273970
273971
273974
273979
273981
273989
273992
274007
274011
274014
274019
274049
274061
274064
274071
274075
274080
274088
274097
274098
274101
274103
274119
274126
274127
274138
274140
274142
274146
274171
274175
274181