679
760
1109
1110
1111
1112
1113
1114
1115
1116
1205
1764
1776
1853
1901
1921
2036
2049
2488
2494
2604
2871
3190
3201
3330
5385
5403
5404
5423
5424
6720
6753
6798
6883
8245
8333
8339
8387
8412
8437
8445
8447
8540
8547
8559
8562
8596
8666
8692
8787
8832
8971
9023
12311
12382
12401
12447
12453
12547
12577
12605
12635
12656
12762
12766
12793
12895
12930
12971
12991
13008
13022
13026
13042
13068
13292
13298
15498
15554
15733
15824
15910
15927
15939
16049
16051
16055
16099
16105
16195
16305
16311
16314
16364
16381
20537
20684
20704
20751
20863
20882
20935
21013
21039
21079
21285
21360
21362
21406
24647
24656
24708
24777
24792
24824
24864
24953
24992
25011
25012
25053
25056
25069
25089
25101
25126
25255
25268
25382
25445
25447
25522
25575
25761
28760
28771
28834
28838
28839
28848
28857
28880
28889
28919
28960
28981
29052
29056
29081
29085
29143
29161
29287
29330
29395
29429
29545
29560
29633
29643
30739
30971
31095
31125
31146
31152
31239
31361
31374
31382
31394
31439
31446
31457
31473
31510
31543
31601
31702
33872
33890
33917
33992
34090
34183
34318
34347
34474
34477
34502
34694
34735
34767
34785
34798
34812
34883
34885
34905
34964
35052
35150
35317
35339
35369
35370
35458
35492
35552
35579
35609
35646
35698
35765
38955
38967
38977
39008
39057
39210
39285
39372
39393
39394
39409
39460
39478
39508
39555
39560
39564
39837
39878
39879
39885
39912
40979
40980
40982
40994
41198
41249
41351
41363
41384
41437
41491
41603
41817
41905
41915
41921
42060
42061
42114
42196
42257
42354
42360
42378
42388
42473
42539
42557
42572
42587
42685
42715
42729
42783
42858
42871
42882
43002
43003
43365
43511
43522
43556
43579
43771
43848
43855
43913
43957
44133
44191
44250
44329
44353
44363
44385
44392
44399
44453
44462
44472
44594
44638
44752
44753
44760
44765
44825
44832
44865
47106
47120
47130
47132
47147
47161
47186
47364
47373
47411
47477
47515
47559
47576
47592
47593
47650
47692
48055
48151
48339
48362
48367
48384
48439
48486
48735
48856
48906
48943
48984
49014
49135
49163
49322
49335
49432
49488
49660
49705
49808
49810
49864
49899
50047
50099
50143
50180
50226
50351
50657
50700
50718
50719
50720
50721
50782
50876
50920
50931
51066
51184
51187
51265
51266
51350
51413
51453
51454
51560
51658
51767
51890
52111
52220
56332
56424
56471
56612
56672
56833
56963
57057
57106
57159
57169
57216
57470
57693
57738
57763
57878
58131
58160
59456
59669
59774
59779
59789
59858
59890
59909
59972
60274
60368
60416
60517
60520
60521
60587
60742
60823
60951
61022
61051
61075
61108
61109
61155
61201
61260
61438
61993
62149
62155
62156
62239
62276
62363
62373
62385
62391
62451
64457
196668
196817
196897
196913
197047
197082
197198
197458
197471
197634
197636
197705
197770
197794
197836
197917
197964
197999
198211
198244
198400
198439
198603
198606
198638
198650
198656
198694
198917
198950
199015
199083
199159
199205
199216
199217
199236
199372
199437
199560
199570
199609
199637
199824
199878
199893
199931
199994
200026
200098
200112
200146
200247
200273
200330
200383
200384
200388
200501
200580
200683
200724
200727
200798
200849
200939
200970
200986
201108
201110
201185
201239
201240
201248
201347
201421
201459
201461
201470
201535
201612
201686
201728
201736
201759
201951
201981
202101
202259
202286
202453
202516
202549
202616
202624
202664
202703
202718
202745
202809
202856
202887
202928
203358
203467
203518
203541
203717
203768
203813
204081
204099
204136
204410
204419
204441
204560
204577
204659
204852
204862
205003
205108
205202
205243
205269
205302
205314
205478
205584
205600
205629
205687
205728
205752
205803
205902
205903
205989
206021
206031
206055
206091
206113
206128
206148
206228
206298
206322
206571
206672
206734
206765
206876
207011
207021
207131
207171
207201
207203
207212
207219
207274
207370
207426
207458
207528
207637
207653
207760
207773
207791
207828
207868
207869
207929
207962
208024
208082
208094
208245
208255
208271
208315
208323
208350
208375
208419
208441
208645
208689
208691
208718
208740
208778
208794
208857
209021
209050
209057
209126
209129
209144
209463
209488
209553
209571
209575
209637
209812
209934
210077
210184
210237
210243
210295
210341
210393
210543
210623
210626
210635
210639
210750
210758
210775
210777
210783
210825
210863
210918
210947
210973
210982
211060
211066
211071
211099
211151
211196
211283
211351
211410
211461
211478
211510
211582
211629
211666
211763
211817
211864
211870
211984
212000
212111
212131
212379
212640
212682
212704
212774
212796
212813
212828
212874
212950
213053
213080
213084
213102
213121
213181
213259
213266
213360
213586
213635
213765
213882
214017
214074
214075
214076
214118
214121
214139
214262
214335
214502
214649
215006
215048
215120
215219
215422
215461
215510
215628
215689
215697
215788
215815
216037
216105
216258
216369
216441