1221
1851
2144
2713
2764
2823
3318
3395
3558
3840
4174
4197
4381
4433
4608
4632
4643
4647
4653
4736
4737
4738
4739
4740
4742
4744
4749
4752
4764
4778
4786
4794
4801
4802
4804
4805
4806
4819
4820
4822
4824
4825
4826
4829
4838
4841
4851
4852
4853
4854
4857
4858
4860
6262
7175
7467
7471
7474
7475
7477
7486
7490
7492
7496
7498
7542
7545
7546
7550
7551
7553
7554
7555
7556
7566
7567
7569
7578
7579
7583
7585
7591
7594
7598
7600
7604
7606
7608
7612
7628
7631
7635
7637
7644
7645
7647
7648
7652
7694
7697
7698
7701
7702
7706
7716
7718
7722
8888
9219
9224
9239
9243
9250
9252
9257
9258
9261
9262
9265
9268
9278
9279
9280
9282
9283
9284
9290
9291
9295
9296
9297
9300
9301
9309
9313
9314
9315
9324
9328
9330
9332
9336
9342
9348
9382
9383
9385
9398
9408
9412
9413
9417
9418
9421
9424
9426
9435
9438
9443
9447
9449
9461
9463
9467
9472
9473
9476
9477
9479
9480
9482
9485
9496
9499
9507
9508
9509
9510
9514
9517
9518
9519
9543
9544
9545
9547
9549
9550
9552
9553
9555
9556
9563
9564
9565
9566
9567
9585
9588
9623
9624
9626
9627
9648
9650
9652
9659
9661
9667
9668
9669
9672
9673
9682
9713
9714
9716
9717
9720
9722
9723
9724
9725
9734
9736
9738
9745
9746
9747
9749
9787
9792
9795
9797
9799
9820
9822
9823
9837
9838
9878
9880
9881
9882
9888
9893
9894
9895
9910
9912
9913
9932
9933
9938
9942
9983
9984
9985
9987
10023
10025
10027
10078
10079
10080
10083
10084
10090
10092
10093
10105
10106
10113
10115
10119
10128
10129
10134
10142
10143
10144
10145
10148
10150
10152
10153
10203
10207
10210
10213
10214
10216
10218
10221
10223
10234
10235
10237
17409
17434
17437
17438
17455
17457
17459
17461
17462
17463
17467
17473
17477
17481
17486
17496
17498
17535
17536
17541
17543
17545
17546
17551
17559
17562
17618
17628
17631
17632
17635
17637
17640
17642
17647
17654
17659
17662
17667
17668
17669
17708
17719
17720
17722
17728
17730
17731
17732
17734
17737
17738
17741
17742
17745
17750
17751
17755
17756
17757
17758
17763
17765
17766
17768
17797
17802
17805
17807
17821
17829
17889
17890
17898
17899
17900
17906
17907
17909
17915
17916
17918
17921
17928
17978
17982
17983
17985
17986
17987
17998
17999
18000
18003
18010
18020
18030
18036
18037
18054
18055
18057
18058
18062
18063
18064
18065
18099
18100
18102
18104
18107
18108
18110
18111
18117
18154
18162
18165
18191
18192
18195
18201
18208
18210
18213
18220
18231
18232
18234
18236
18250
18255
18291
18292
18345
18346
18349
18350
18354
18357
18358
18361
18366
18371
18372
18374
18375
18376
18380
18381
18384
18388
18390
18397
18398
18405
18430
18431
19705
22672
23608
23609
23645
23646
23652
23654
23667
23669
23670
23677
23681
23686
23690
23705
23706
23708
23718
23719
23721
23722
23723
23727
23731
23733
23739
23741
23742
23744
23745
23747
23751
23753
23758
23760
23762
23763
23769
23854
23857
23858
23859
23863
23867
23871
23874
23877
23882
23886
23895
23897
23906
23907
23909
23913
23915
23918
23921
23922
23931
23935
23938
23940
23943
23965
23968
23970
23993
23995
23997
23998
24001
24007
24008
24012
24014
24015
24017
24019
24021
24032
24033
24034
24036
24037
24045
24046
24061
24062
24065
24069
24072
24076
24078
24092
24093
24098
24100
24101
24108
24110
24113
24116
24120
24126
24129
24130
24132
24188
24215
24220
24223
24224
24227
24228
24230
24233
24234
24238
24240
24242
24243
24303
24305
24313
24315
24316
24322
24330
24333
24338
24340
24341
24343
24346
24375
24380
24381
24394
24395
24431
24433
24434
24436
24438
24443
24446
24447
24452
24463
24464
24469
24473
24476
24479
24480
24483
24488
24498
24500
24502
24507
24510
24513
24516
24517
24541
24542
24543
24553
24555
24557
24561
24563
24565
24569
24570
24718
24947
31732
35405
37928
37929
37931
37975
37978
37985
37987
37988
37990
37993
37996
37998
38012
38013
38014
38016
38020
38038
38046
38049
38050
38061
38062
38066
38070
38075
38076
38078
38083
38084
38085
38167
38169
38170
38172
38195
38214
38216
38220
38225
38232
38236
38242
38257
38260
38263
38269
38276
38280
38284
38285
38287
38289
38295
38298
38302
38307
38309
38317
38318
38327
38330
38332
38333
38438
38447
38455
38456
38458
38465
38470
38472
38474
38480
38484
38495
38534
38541
38544
38549
38559
38561
38570
38572
38582
38583
38593
38597
38598
38611
38622
38659
38714
38716
38719
38724
38749
38790
38791
38795
38796
38803
38804
38809
38812
38813
38817
38825
38826
38829
38830
38831
38835
38836
38858
38859
38863
38876
38877
38880
38882
38883
38884
38887
38892
38894
38903
38905
38911
42382
44354
45118
45128
45145
45152
45158
45160
45162
45163
45167
45171
45175
45186
45188
45192
45198
45201
45206
45207
45208
45211
45212
45213
45214
45226
45228
45240
45251
45261
45269
45270
45277
45278
45333
45341
45347
45411
45418
45425
45426
45427
45428
45431
45434
45437
45442
45444
45447
45453
45454
45457
45460
45467
45472
45481
45483
45484
45490
45500
45506
45508
45510
45511
45522
45527
45534
45570
45577
45583
45584
45589
45594
45601
45603
45604
45610
45611
45616
45623
45626
45627
45638
45651
45653
45654
45657
45665
45666
45671
45692
45741
45744
45762
45763
45768
45772
45776
45780
45793
45797
45803
45819
45821
45824
45827
45834
45837
45838
45844
45848
45852
45856
45864
45867
45868
45870
45871
45873
45874
45875
45876
45881
45887
45892
45912
45913
45920
45922
45926
45929
45931
45937
45940
45947
45949
45953
45956
45961
45962
46014
46067
46069
46070
46073
47365
51775
55302
55304
55326
55328
55337
55354
55357
55358
55359
55363
55365
55366
55400
55409
55411
55419
55422
55444
55449
55455
55456
55467
55469
55471
55472
55478
55486
55491
55493
55500
55505
55506
55509
55519
55521
55525
55527
55532
55533
55539
55542
55543
55551
55555
55564
55567
55573
55575
55580
55581
55583
55638
55651
55707
55731
55736
55742
55752
55754
55762
55765
55766
55772
55773
55774
55775
55776
55795
55796
55797
55803
55811
55813
55815
55819
55834
55837
55845
55848
55851
55859
55861
55865
55870
55871
55876
55878
55880
55884
55913
55914
55920
55922
55923
55924
55931
55934
55941
55954
56020
56026
56035
56037
56038
56051
56057
56058
56065
56072
56073
56074
56076
56079
56081
56084
56086
56087
56098
56104
56105
56106
56113
56123
56129
56131
56132
56133
56135
56163
56177
56178
56182
56183
56199
56203
56206
56208
56210
56219
56220
56225
56227
56263
56265
56270
56271
56280
56281
56284
56287
56294
56295
56296
56298
56307
56317
56318
57025
58232
58372
58374
58408
58409
58414
58418
58422
58431
58434
58440
58446
58464
58473
58505
58507
58509
58510
58511
58525
58528
58530
58532
58533
58534
58545
58546
58576
58580
58582
58584
58588
58589
58605
58606
58611
58613
58618
58620
58634
58644
58675
58681
58686
58687
58696
58698
58707
58710
58712
58713
58716
58719
58720
58723
58729
58734
58735
58739
58740
58750
58780
58868
58869
58874
58877
58882
58894
58907
58914
58915
58916
58920
58921
58922
58927
58928
58929
58940
58941
58950
58951
58975
58979
58980
58989
59202
59204
59206
59246
59250
59256
59262
59267
59291
59330
59339
59346
59356
59368
59383
60808
62435
63525
63842
63850
63913
63919
63920
63922
63926
63931
63933
63934
63950
63956
63971
63974
63983
63992
63993
64000
64002
64006
64014
64016
64044
64056
64064
64089
64090
64098
131072
131074
131076
131088
131105
131107
131109
131172
131175
131177
131182
131185
131197
131200
131206
131211
131214
131225
131229
131230
131252
131264
131268
131270
131282
131286
131290
131292
131294
131295
131298
131312
131315
131316
131321
131338
131446
131455
131462
131476
131478
131479
131480
131581
131892
131998
131999
132000
132002
132007
132020
132029
132030
132041
132049
132055
132057
132064
132067
132069
132070
132072
132076
132077
132078
132085
132087
132093
132094
132095
132097
132102
132109
132113
132118
132121
132126
132127
132131
132136
132140
132145
132158
132160
132162
132195
132205
132214
132217
132221
132245
132256
132257
132258
132261
132262
132266
132269
132273
132276
132279
132292
132297
132299
132302
132309
132315
132320
132321
132324
132330
132331
132336
132345
132355
132360
132361
132368
132370
132379
132382
132385
132389
132392
132393
132394
132397
132405
132416
132419
132421
132424
132430
132433
132448
132451
132458
132469
132473
132474
132476
132481
132484
132487
132491
132492
132498
132503
132528
132529
132532
132533
132543
132544
132576
132577
132578
132581
132582
132584
132586
132593
132594
132596
132600
132603
132609
132611
132612
132614
132616
132619
132620
132621
132626
132679
132680
132682
132691
132693
132703
132706
132713
132715
132718
132724
132725
132728
132732
132733
132740
132743
132789
132791
132798
132807
132808
132811
132812
132814
132823
132825
132828
132834
132835
132836
132847
132848
132849
132851
132852
132858
132859
132863
132864
132868
132873
132889
132895
132896
132900
132902
132906
132907
132908
132909
132914
132916
133015
133016
133017
133018
133019
133023
133029
133030
133040
133044
133045
133046
133048
133049
133050
133053
133057
133060
133061
133072
133074
133078
133080
133081
133085
133091
133093
133094
133100
133102
133104
133105
133106
133116
133120
133121
133122
133123
133125
133126
133129
133130
133133
133138
133143
133145
133146
133147
133156
133159
133161
133172
133173
133175
133176
133184
133189
133196
133197
133206
133208
133212
133215
133216
133217
133220
133321
133326
133330
133332
133333
133379
133381
133382
133389
133394
133397
133403
133406
133407
133413
133414
133415
133417
133418
133419
133425
133429
133431
133434
133435
133438
133447
133452
133459
133480
133483
133493
133501
133507
133509
133510
133521
133523
133525
133530
133534
133538
133546
133548
133553
133554
133556
133582
133603
133612
133614
133615
133616
133618
133620
133624
133626
133627
133629
133730
133736
133737
133739
133740
133749
133758
133765
133767
133773
133781
133784
133786
133787
133792
133853
133855
133859
133863
133864
133873
133876
133881
133885
133895
133898
133901
133913
133914
133930
133931
133934
133937
133939
133940
133943
133958
133960
134061
134063
134065
134067
134070
134075
134076
134080
134081
134083
134085
134087
134090
134092
134093
134096
134101
134104
134111
134115
134119
134123
134124
134132
134133
134138
134139
134141
134142
134143
134145
134147
134149
134150
134155
134160
134163
134164
134165
134174
134178
134179
134181
134183
134184
134185
134188
134189
134197
134203
134217
134218
134229
134242
134245
134347
134348
134354
134355
134367
134369
134377
134385
134393
134406
134408
134409
134427
134432
134440
134441
134442
134443
134448
134456
134459
134463
134464
134472
134486
134487
134491
134496
134498
134503
134507
134517
134530
134541
134555
134557
134559
134561
134563
134568
134569
134570
134571
134574
134576
134577
134579
134580
134581
134582
134583
134586
134587
134589
134590
134591
134593
134602
134609
134610
134668
134678
134679
134680
134688
134689
134697
134709
134711
134720
134725
134731
134733
134735
134743
134745
134747
134748
134754
134778
134786
134787
134791
134800
134807
134808
134821
134825
134832
134843
134844
134920
134948
134949
134950
134962
134980
134982
134984
134985
134987
134994
134999
135015
135016
135018
135024
135027
135039
135050
135051
135052
135060
135064
135077
135079
135080
135083
135088
135094
135099
135104
135105
135106
135107
135108
135117
135118
135121
135126
135127
135128
135135
135137
135145
135148
135150
135151
135153
135156
135159
135160
135163
135164
135165
135168
135275
135280
135287
135289
135292
135294
135296
135297
135301
135302
135313
135315
135317
135321
135322
135323
135326
135332
135336
135348
135350
135351
135358
135359
135361
135362
135367
135368
135390
135396
135399
135401
135406
135408
135415
135421
135425
135493
135497
135512
135513
135516
135519
135520
135526
135532
135533
135543
135545
135547
135548
135555
135558
135559
135560
135565
135568
135574
135583
135585
135593
135599
135601
135603
135609
135610
135611
135612
135618
135624
135625
135627
135633
135634
135638
135639
135641
135653
135655
135656
135657
135662
135668
135672
135675
135677
135878
135879
135885
135887
135888
135890
135892
135893
135894
135895
135897
136000
136001
136006
136008
136013
136016
136017
136019
136020
136021
136036
136037
136043
136044
136045
136132
136133
136135
136136
136139
136140
136143
136152
136154
136161
136163
136165
136181
136183
136187
136201
136203
136204
136206
136213
136218
136226
136228
136232
136240
136241
136242
136243
136245
136247
136254
136265
136273
136277
136385
136386
136388
136390
136391
136392
136394
136397
136398
136399
136405
136410
136413
136423
136424
136430
136431
136432
136456
136460
136466
136467
136469
136471
136478
136487
136489
136490
136495
136497
136508
136510
136517
136518
136521
136529
136532
136539
136542
136546
136549
136550
136554
136557
136571
136572
136577
136580
136582
136585
136589
136594
136596
136603
136604
136608
136609
136611
136615
136616
136619
136623
136731
136734
136735
136741
136745
136753
136754
136757
136760
136770
136771
136772
136775
136784
136788
136792
136799
136804
136805
136810
136811
136812
136819
136893
136898
136900
136912
136913
136916
136922
136924
136925
136930
136931
136935
136939
136943
136951
136954
136966
136971
136972
136973
136976
136977
136988
136992
136994
137006
137009
137010
137012
137016
137021
137024
137025
137026
137032
137036
137042
137044
137049
137057
137060
137062
137063
137065
137070
137073
137079
137188
137192
137199
137204
137212
137214
137216
137219
137222
137227
137228
137230
137231
137232
137234
137242
137244
137250
137251
137268
137271
137388
137395
137399
137400
137408
137409
137411
137414
137421
137426
137429
137433
137438
137441
137442
137455
137457
137460
137466
137470
137473
137474
137479
137486
137506
137512
137516
137522
137525
137529
137534
137536
137544
137549
137555
137556
137558
137562
137569
137574
137575
137576
137582
137705
137814
137821
137822
137837
137840
137841
137844
137847
137852
137855
137858
137863
137864
137866
137867
137881
137886
137893
137896
137898
137900
137903
137916
137924
137926
137938
137949
137958
137960
137965
137968
137971
137980
137998
138002
138005
138007
138013
138015
138017
138018
138021
138027
138028
138034
138044
138153
138165
138173
138174
138180
138186
138193
138194
138200
138201
138206
138207
138209
138210
138214
138216
138323
138326
138331
138332
138335
138337
138342
138354
138363
138365
138367
138372
138386
138390
138394
138396
138413
138430
138447
138448
138451
138455
138460
138466
138468
138469
138475
138477
138479
138483
138484
138488
138490
138498
138499
138502
138503
138510
138511
138521
138525
138537
138555
138559
138563
138572
138583
138589
138592
138595
138613
138624
138633
138637
138642
138653
138654
138657
138661
138662
138669
138680
138681
138683
138700
138908
138913
138928
138931
138937
138939
138945
138952
138977
138988
138993
139000
139001
139002
139006
139023
139035
139037
139038
139045
139047
139048
139049
139050
139055
139059
139069
139077
139084
139193
139207
139212
139214
139221
139222
139232
139244
139246
139253
139267
139273
139274
139279
139284
139287
139288
139289
139290
139298
139301
139304
139305
139315
139322
139337
139342
139344
139352
139355
139356
139357
139360
139465
139466
139578
139581
139582
139583
139592
139597
139603
139607
139612
139615
139623
139627
139633
139634
139636
139645
139654
139661
139662
139663
139665
139666
139671
139685
139696
139699
139700
139703
139714
139723
139732
139736
139737
139740
139745
139747
139751
139754
139756
139760
139763
139768
139777
139785
139819
139840
139843
139845
139848
139860
139862
139866
139868
139869
139873
139878
139882
139890
139891
139897
139909
139910
139917
139930
140041
140047
140051
140060
140062
140064
140065
140067
140070
140074
140086
140097
140099
140102
140211
140217
140231
140239
140268
140325
140327
140382
140503
140505
140550
140576
140581
140583
140587
140598
140603
140609
140620
140622
140623
140627
140628
140637
140639
140640
140643
140646
140670
140672
140676
140678
140690
140694
140702
140703
140724
140728
140729
140730
140735
140736
140842
140876
140880
140884
140885
140891
140892
140893
140896
140905
140907
140910
140921
140922
140932
140933
140937
140945
140955
140956
140959
140965
140967
140968
140977
140994
140999
141000
141002
141022
141034
141035
141036
141041
141043
141044
141046
141161
141165
141182
141204
141211
141223
141229
141230
141344
141352
141353
141359
141360
141363
141365
141381
141392
141397
141399
141400
141401
141402
141403
141422
141435
141437
141451
141457
141468
141471
141682
141683
141684
141687
141700
141708
141719
141727
141733
141734
141743
141746
141747
141749
141770
141885
141886
141989
141992
141996
142010
142017
142022
142033
142038
142041
142042
142047
142049
142059
142064
142107
142114
142116
142125
142140
142143
142147
142149
142276
142283
142293
142411
142415
142420
142422
142425
142426
142429
142434
142545
142550
142563
142567
142579
142585
142587
142588
142590
142591
142594
142596
142610
142613
142617
142620
142625
142630
146958
146963
146965
146967
146991
146994
147000
147013
147015
147020
147037
147049
147052
147054
147061
147062
147064
147069
147172
147182
147190
147304
147309
147310
147313
148968
148970
148976
149017
149018
149025
149026
149043
149047
149061
149164
149166
149172
149288
149305
149427
149446
149482
149485
149488
149506
149512
149515
149516
149518
149647
149650
149654
149656
149773
149778
149782
149784
149811
149814
149827
149834
149841
149847
149851
149852
149858
149861
149862
149872
149874
149977
149989
149997
149998
150004
150110
150115
150121
150127
150139
150146
150162
150294
150301
150305
150329
150333
150343
150354
150380
150391
150412
150415
150419
150421
150427
150437
150438
150446
150672
150673
150677
150679
150688
150689
150710
150730
150739
150746
150792
150798
150801
150804
150807
151042
151047
151052
151055
151079
151203
151211
151213
151321
151332
151409
151411
151413
151414
151417
151463
151486
151496
151499
151603
151623
151634
151641
151649
151657
151660
151669
151792
151799
151819
151822
151824
151831
151833
151842
151846
151847
151952
151964
151971
151973
151976
151978
151982
152094
152095
152097
152105
152117
152132
152133
152164
152167
152169
152171
152175
152181
152183
152302
152332
152451
152464
152470
152472
152588
152590
152595
152597
152600
152604
152629
152633
152641
152650
152656
152658
152659
152662
152667
152668
152669
152670
152676
152682
152683
152693
152695
152699
152730
152738
152843
152852
152855
152882
152884
152893
152894
152900
152902
152904
152908
153035
153041
153042
153043
153049
153050
153160
153162
153177
153178
153184
153197
153308
153315
153336
153346
153355
153364
153368
153372
153373
153381
153386
153387
153397
153451
153463
153466
153467
153472
153475
153545
153547
153590
153597
153598
153613
153620
153642
153643
153655
153661
153684
153720
153731
153735
153748
153758
153760
153772
153783
153794
153809
153814
153836
153892
153954
153964
153971
153972
154030
154033
154050
154089
154121
154125
154126
154127
198125
198209
198734
199840
199959
200227
200557
203943
204378
205102
205320
207394
208063
208266
210807
213437
213848
214344
214501
215420
215462
215630
215794
262246
394222