4864
7565
9230
9288
9441
9451
9651
9825
9832
9926
10075
17469
17471
17494
17641
17806
17892
18012
18022
18060
18109
18155
18230
23688
23729
23876
23893
23923
23956
23991
24122
24307
24323
24342
24382
24389
24432
24481
24556
37994
38011
38017
38026
38030
38031
38036
38054
38067
38069
38071
38138
38200
38203
38210
38212
38256
38259
38303
38313
38315
38493
38555
38556
38562
38588
38592
38614
38712
38744
45245
45268
45273
45276
45282
45326
45532
45588
45607
45621
45766
45904
45905
45925
51447
55344
55406
55425
55492
55531
55550
55828
55846
56031
56032
56054
56115
56121
56138
56264
58420
58445
58454
58527
58581
58587
58599
58601
58615
58616
58623
58629
58642
58655
58656
58657
58665
58668
58670
58672
58682
58684
58685
58688
58689
58691
58695
58701
58704
58715
58717
58732
58736
58737
58749
58752
58768
58778
58781
58782
58800
58803
58805
58813
58814
58826
58886
58889
58890
58892
58911
58912
58918
58923
58926
58935
58945
58946
58947
58953
58959
59203
59209
59236
59239
59242
59249
59259
59315
59316
59321
59332
59340
59341
59350
59353
59359
59361
59362
59363
59365
59375
59378
59382
63520
63526
63826
63840
63843
63844
63851
63890
63914
63923
63932
63939
63944
63957
63961
63963
63964
63965
63967
63969
63980
63984
63987
63996
64005
64012
64018
64037
64039
64043
64046
64053
64058
64059
64063
64065
64072
64074
64075
64077
64092
131102
131108
131179
131183
131216
131242
131243
131247
131278
131304
131340
131464
131474
131686
132008
132031
132034
132073
132082
132092
132099
132106
132123
132129
132159
132169
132216
132267
132275
132290
132294
132295
132298
132305
132306
132339
132340
132341
132352
132359
132365
132366
132381
132408
132427
132436
132438
132442
132443
132475
132489
132490
132502
132561
132575
132580
132598
132601
132602
132604
132606
132607
132608
132622
132684
132735
132800
132801
132806
132817
132846
132855
132869
132884
132897
133022
133031
133034
133070
133083
133099
133109
133112
133148
133155
133168
133181
133191
133209
133211
133213
133325
133331
133368
133395
133410
133430
133443
133446
133450
133468
133477
133496
133528
133539
133542
133547
133605
133610
133633
133738
133766
133770
133854
133866
133867
133890
133899
133916
133938
133945
133949
133954
133957
134068
134106
134108
134113
134116
134122
134128
134135
134146
134153
134159
134161
134180
134186
134191
134201
134204
134226
134228
134236
134353
134371
134383
134403
134404
134424
134437
134455
134479
134480
134494
134495
134499
134500
134501
134502
134505
134506
134508
134529
134552
134562
134567
134572
134595
134597
134599
134601
134603
134669
134670
134676
134685
134693
134702
134712
134723
134724
134726
134732
134734
134740
134749
134750
134780
134781
134785
134790
134798
134801
134804
134806
134812
134836
134837
134841
134952
134968
134970
134971
134973
134978
134983
134990
135000
135001
135019
135020
135022
135030
135032
135037
135038
135055
135071
135075
135076
135090
135091
135092
135095
135098
135100
135101
135116
135124
135125
135130
135131
135155
135308
135310
135311
135312
135339
135341
135346
135349
135353
135365
135374
135378
135379
135413
135416
135420
135435
135490
135494
135517
135518
135524
135527
135544
135550
135554
135564
135578
135584
135587
135590
135595
135597
135604
135613
135615
135628
135637
135650
135654
135658
135663
135673
135881
135882
135886
136003
136004
136007
136009
136010
136014
136022
136026
136027
136134
136141
136145
136150
136151
136156
136164
136176
136207
136211
136214
136215
136217
136224
136233
136246
136248
136256
136257
136262
136266
136267
136268
136272
136275
136276
136382
136395
136396
136406
136416
136418
136419
136422
136425
136426
136428
136429
136434
136435
136436
136438
136450
136451
136482
136498
136512
136514
136519
136531
136534
136555
136556
136558
136561
136562
136563
136573
136592
136598
136618
136732
136738
136759
136791
136808
136813
136815
136901
136903
136909
136910
136911
136917
136928
136937
136941
136945
136948
136991
136997
136999
137013
137015
137018
137020
137023
137029
137030
137033
137034
137038
137041
137045
137048
137059
137067
137077
137078
137186
137189
137197
137203
137213
137218
137221
137223
137252
137255
137270
137274
137278
137385
137391
137396
137403
137410
137415
137416
137419
137425
137432
137434
137435
137444
137449
137453
137454
137464
137467
137478
137482
137483
137485
137491
137492
137493
137496
137498
137505
137514
137515
137519
137526
137530
137532
137540
137541
137542
137543
137548
137550
137553
137554
137565
137568
137570
137572
137578
137579
137584
137585
137703
137704
137706
137707
137809
137810
137812
137815
137823
137828
137830
137833
137834
137842
137843
137862
137868
137869
137871
137873
137883
137884
137889
137911
137921
137934
137935
137942
137943
137947
137953
137959
137961
137964
137967
137970
137974
137976
137985
137987
137997
138001
138004
138014
138022
138023
138026
138031
138032
138042
138043
138146
138149
138150
138151
138157
138163
138170
138171
138175
138178
138183
138184
138191
138192
138197
138198
138203
138205
138208
138212
138213
138320
138325
138336
138338
138343
138346
138357
138358
138362
138382
138383
138385
138397
138403
138404
138406
138408
138412
138414
138417
138418
138420
138431
138437
138443
138452
138462
138464
138470
138471
138472
138474
138476
138482
138487
138489
138491
138492
138493
138501
138505
138509
138512
138522
138523
138534
138536
138541
138544
138548
138549
138550
138551
138553
138556
138557
138560
138561
138566
138567
138573
138574
138575
138578
138581
138582
138584
138585
138587
138594
138596
138599
138600
138601
138602
138611
138612
138614
138615
138619
138621
138622
138623
138636
138638
138640
138649
138650
138651
138658
138659
138660
138664
138665
138667
138674
138675
138676
138688
138692
138694
138697
138701
138903
138904
138909
138912
138917
138923
138924
138925
138927
138944
138951
138953
138954
138960
138974
138981
138983
138992
138998
139004
139008
139009
139012
139013
139016
139025
139026
139027
139029
139030
139033
139036
139039
139041
139042
139052
139053
139064
139085
139192
139194
139197
139202
139208
139215
139217
139223
139227
139230
139236
139239
139245
139251
139254
139270
139276
139278
139280
139282
139283
139294
139296
139300
139303
139319
139325
139326
139334
139335
139338
139343
139347
139354
139461
139467
139469
139473
139476
139590
139593
139599
139600
139602
139604
139611
139616
139622
139629
139632
139641
139642
139643
139647
139652
139667
139668
139669
139670
139672
139674
139675
139678
139680
139683
139689
139691
139708
139715
139716
139717
139720
139722
139728
139735
139755
139757
139758
139762
139764
139771
139780
139781
139786
139790
139792
139793
139802
139806
139807
139808
139809
139812
139813
139814
139816
139823
139825
139826
139832
139834
139835
139839
139841
139842
139850
139854
139856
139857
139858
139863
139865
139870
139872
139875
139881
139901
139904
139913
139915
139919
139921
139924
139927
139928
139931
140036
140037
140038
140040
140044
140049
140054
140059
140063
140068
140069
140071
140073
140076
140077
140078
140080
140084
140085
140087
140088
140090
140093
140098
140103
140104
140213
140215
140216
140219
140222
140225
140226
140228
140229
140241
140244
140267
140269
140287
140288
140321
140380
140381
140502
140523
140524
140539
140541
140544
140546
140585
140600
140606
140611
140612
140616
140624
140626
140632
140644
140664
140668
140669
140673
140674
140684
140691
140700
140705
140711
140712
140838
140843
140847
140849
140850
140864
140865
140877
140879
140887
140888
140889
140897
140898
140901
140906
140916
140917
140919
140923
140930
140934
140949
140950
140954
140957
140960
140962
140963
140969
140976
140978
140980
140981
140986
140988
140991
140992
140993
140995
141003
141010
141012
141026
141030
141033
141037
141038
141045
141149
141154
141155
141166
141178
141179
141181
141184
141185
141192
141194
141195
141198
141208
141209
141217
141219
141220
141225
141227
141231
141341
141345
141346
141351
141357
141358
141375
141378
141385
141386
141393
141396
141398
141404
141411
141412
141414
141417
141418
141423
141426
141427
141433
141434
141436
141438
141439
141440
141442
141443
141446
141448
141452
141456
141458
141460
141462
141463
141465
141467
141473
141474
141696
141698
141699
141701
141707
141723
141726
141729
141731
141737
141738
141740
141744
141745
141762
141763
141765
141773
141782
141988
141991
141997
142001
142003
142004
142006
142015
142016
142018
142021
142028
142031
142037
142044
142045
142050
142054
142058
142060
142122
142123
142124
142134
142136
142153
142155
142156
142157
142158
142159
142162
142278
142287
142298
142301
142407
142428
142431
142436
142540
142542
142543
142547
142557
142558
142571
142572
142577
142580
142589
142593
142595
142600
142603
142604
142605
142615
142619
142623
142627
142633
142634
142638
146946
146953
146956
146957
146988
146990
146997
147001
147004
147006
147007
147009
147017
147022
147029
147032
147033
147034
147046
147050
147053
147059
147063
147070
147175
147179
147180
147181
147292
147294
147298
147301
147303
147307
147308
147314
148794
148974
148975
148978
148986
148988
148993
148999
149000
149001
149006
149011
149015
149016
149019
149028
149032
149033
149035
149039
149041
149048
149050
149053
149055
149058
149060
149162
149168
149169
149179
149281
149284
149287
149289
149293
149295
149297
149298
149300
149303
149306
149309
149311
149312
149313
149414
149415
149418
149420
149421
149425
149426
149432
149433
149436
149437
149442
149445
149449
149451
149452
149453
149455
149472
149473
149474
149478
149480
149483
149489
149490
149491
149492
149496
149497
149498
149499
149501
149504
149505
149508
149514
149517
149523
149524
149627
149630
149633
149636
149637
149638
149643
149644
149649
149653
149658
149659
149764
149765
149770
149772
149774
149777
149780
149806
149807
149809
149815
149819
149821
149822
149826
149829
149830
149831
149832
149836
149843
149854
149857
149859
149860
149863
149865
149867
149868
149873
149876
149978
149980
149983
149985
149987
149988
149990
149991
149992
149994
149995
150001
150002
150005
150111
150112
150114
150122
150123
150128
150132
150135
150142
150152
150156
150164
150165
150168
150170
150175
150176
150178
150180
150182
150291
150299
150302
150304
150306
150307
150312
150316
150319
150322
150327
150328
150330
150334
150335
150336
150340
150341
150348
150351
150352
150372
150375
150376
150379
150384
150385
150389
150390
150394
150395
150397
150399
150406
150408
150411
150416
150417
150420
150428
150429
150433
150434
150435
150440
150441
150442
150449
150451
150457
150458
150459
150660
150661
150662
150664
150665
150667
150668
150669
150676
150681
150682
150687
150695
150696
150699
150701
150705
150708
150709
150711
150714
150715
150718
150719
150722
150726
150728
150729
150731
150732
150733
150735
150737
150738
150740
150742
150744
150745
150747
150748
150753
150774
150777
150778
150779
150782
150783
150791
150793
150799
150808
150811
151041
151044
151046
151050
151054
151056
151057
151060
151064
151076
151077
151080
151182
151183
151184
151200
151204
151214
151215
151318
151319
151322
151323
151327
151339
151343
151353
151356
151359
151368
151369
151370
151391
151402
151403
151412
151421
151422
151472
151474
151476
151477
151479
151484
151488
151489
151500
151501
151608
151614
151615
151618
151619
151620
151621
151624
151629
151632
151635
151638
151651
151667
151675
151781
151786
151790
151791
151794
151803
151807
151809
151812
151820
151832
151835
151837
151838
151840
151843
151957
151960
151961
151962
151963
151967
151968
151969
151981
151984
151987
151989
152098
152099
152100
152103
152104
152110
152114
152115
152119
152122
152124
152125
152126
152137
152138
152139
152142
152147
152149
152160
152163
152168
152170
152176
152177
152182
152185
152189
152192
152193
152300
152304
152305
152306
152319
152322
152327
152328
152334
152336
152342
152446
152449
152455
152456
152457
152462
152469
152473
152474
152476
152479
152481
152482
152585
152592
152593
152606
152607
152632
152636
152637
152639
152640
152642
152643
152646
152648
152660
152661
152665
152674
152675
152679
152685
152689
152690
152698
152701
152707
152708
152709
152713
152714
152716
152718
152723
152725
152726
152729
152732
152733
152739
152844
152850
152853
152856
152857
152886
152889
152898
152906
152916
152917
152928
152929
152932
153037
153038
153047
153048
153054
153165
153169
153179
153304
153307
153310
153316
153326
153329
153337
153338
153342
153343
153345
153358
153361
153362
153365
153370
153374
153377
153378
153379
153383
153385
153392
153395
153456
153470
153478
153483
153487
153490
153491
153493
153508
153516
153523
153528
153530
153548
153550
153551
153556
153558
153568
153569
153571
153588
153604
153610
153612
153622
153623
153634
153638
153654
153667
153668
153680
153681
153688
153696
153737
153749
153755
153764
153770
153775
153776
153800
153810
153812
153813
153834
153853
153879
153884
153898
153899
153928
153935
153944
153947
153948
153980
153981
153991
153999
154005
154006
154009
154021
154036
154037
154046
154047
154058
154062
203915