2611
3304
5406
5432
5463
5488
5560
6085
6696
6716
6774
6848
8201
8221
8227
8368
9031
9166
9208
9907
12392
12493
12763
12942
13226
15383
15776
15953
16194
16294
16326
20650
21108
21239
21373
21474
21489
25024
25065
25114
25136
25194
25344
25395
25428
25450
28704
28707
28747
28827
28988
29005
29435
29462
29529
29533
29587
29595
30961
31154
31241
31449
31511
31553
31612
31651
31713
33864
34106
34144
34196
34641
34762
34872
35001
35056
35084
35137
35219
35350
35593
35627
35660
35701
35733
39234
39436
39579
39628
39641
39721
39804
39842
39905
39923
41008
41035
41135
41471
41991
42018
42160
42165
42744
42851
43324
43640
44140
44216
44311
44312
44641
44806
44862
44944
45049
47346
47377
47504
47555
47630
47688
47780
47861
48075
48137
48192
48260
48408
48517
48638
48647
48977
49046
49268
49285
49333
49399
49621
49677
49703
49752
49884
49935
49964
50083
50309
50675
50838
50857
50906
50998
51006
51345
51462
51466
51696
51736
51796
51797
56369
56501
56675
56837
57225
57265
57402
57909
57933
57948
58122
58123
59505
59827
59943
60436
60650
60853
61023
62058
62098
62383
62392
62437
64478
196755
196987
197429
197690
197949
198011
198148
198559
198664
198708
198847
198912
199095
199207
199541
199670
199756
199796
199839
199942
199998
200057
200133
200353
200510
200585
200869
200884
200911
201004
201042
201050
201067
201168
201189
201205
201338
201366
201859
201887
201894
201984
202191
202272
202495
202598
202688
202708
202713
202830
202964
203148
203225
203260
203338
203630
203640
203849
204059
204120
204182
204363
204561
204951
204959
205080
205233
205333
205401
205409
205476
205561
205583
205812
206051
206235
206254
206255
206458
206537
206562
206639
206665
206677
206883
206960
207232
207290
207424
207467
207537
207562
207644
207650
207664
207730
207750
207994
208029
208168
208210
208214
208270
208396
208406
208416
208479
208620
208655
208725
208792
209203
209226
209383
209547
209550
209552
209643
209649
209704
209718
209725
209768
209897
209958
210017
210088
210196
210227
210233
210349
210358
210444
210689
210821
210890
210900
211037
211070
211079
211106
211136
211184
211268
211304
211398
211601
211602
211945
212123
212223
212241
212430
212518
212526
212528
212626
212627
212687
212767
212878
212923
213045
213109
213130
213160
213241
213331
213345
213818
213965
214006
214034
214130
214161
214255
214327
214350
214445
214508
214545
214878
215079
215475
215694
215956
216066
216252
216319
216471