2111
3187
3245
3264
5421
5472
6802
8262
8431
8628
8672
8717
8734
8739
8745
8795
8808
8860
8866
8877
8880
8967
9028
9070
9127
12436
12564
12591
12615
12716
12756
12792
12795
12796
12815
12829
12962
12982
13124
13147
13172
13236
13306
15362
15504
15534
15669
15941
16045
16154
16193
16226
16328
16344
20657
20665
20682
20750
20818
20911
20956
21230
21249
21337
21415
24693
24750
24770
24964
25076
25147
25166
25206
25211
25224
25332
25374
25407
25554
28819
28820
28909
28949
29030
29080
29084
29122
29210
29244
29343
29366
29390
29580
29582
29622
29632
29667
29687
29694
31011
31014
31029
31083
31140
31250
31287
31293
31298
31308
31369
31420
31435
31440
31460
31490
31522
31527
31534
33825
33853
34074
34224
34272
34295
34314
34340
34368
34376
34395
34491
34524
34565
34569
34577
34589
34653
34674
34754
34841
34909
34917
35011
35014
35122
35141
35176
35183
35293
35448
35464
35466
35480
35489
35503
35654
35761
35773
38924
38932
39024
39135
39163
39183
39184
39246
39249
39251
39357
39396
39401
39483
39505
39635
39683
40968
41017
41019
41059
41234
41280
41292
41313
41339
41352
41366
41610
41624
41663
41703
41730
41764
41782
41799
41803
41844
41870
41889
41901
41922
41946
41989
41990
42049
42086
42100
42157
42191
42248
42267
42293
42295
42347
42351
42372
42398
42410
42431
42446
42459
42555
42625
42721
42794
42805
42815
42844
42855
42878
42942
42956
43063
43068
43112
43134
43202
43205
43426
43548
43561
43651
43659
43713
43718
43723
43732
43943
43944
44077
44100
44129
44179
44201
44247
44309
44313
44396
44476
44525
44564
44586
44598
44718
44781
44796
44805
44814
44828
44851
44872
44886
44901
44967
45007
47174
47226
47374
47402
47453
47557
47624
47647
47697
47745
47748
47771
47802
47849
47872
47874
47928
47964
48064
48115
48155
48181
48233
48264
48355
48440
48452
48458
48584
48698
48745
48746
48747
48900
48917
49040
49041
49072
49147
49176
49188
49330
49387
49421
49518
49658
49681
49699
49704
49737
49740
49773
49815
49849
49850
49950
50013
50020
50186
50194
50302
50359
50360
50368
50379
50431
50506
50726
51189
51196
51304
51358
51374
51383
51581
51582
51605
51614
51660
51830
51855
51925
51987
52055
52187
56371
56539
56546
56593
56606
56642
56693
56856
56906
57122
57237
57344
57463
57509
57538
57546
57551
57619
57622
57634
57674
57705
57765
57813
57840
57895
57912
58079
58105
58294
59405
59463
59466
59484
59546
59550
59582
59620
59709
59711
59742
59746
59763
59851
59872
59899
59900
60092
60168
60182
60202
60230
60349
60356
60441
60447
60457
60560
60578
60590
60656
60701
60784
60859
60916
60966
60974
61046
61071
61082
61301
61321
61370
61437
61975
61996
62015
62037
62106
62110
62174
62323
62386
62411
62418
64464
196738
196801
196807
196876
197050
197055
197069
197086
197168
197184
197214
197216
197232
197236
197304
197604
197625
197647
197741
197897
197929
197931
197997
198003
198127
198202
198228
198259
198280
198283
198388
198482
198576
198744
198765
198771
198868
198938
198940
198941
199001
199048
199123
199132
199173
199191
199209
199221
199230
199282
199364
199512
199702
199759
199790
199818
199871
199898
199996
200024
200033
200301
200306
200361
200391
200400
200422
200450
200458
200459
200475
200523
200533
200628
200723
201003
201005
201114
201200
201210
201215
201225
201326
201360
201406
201525
201583
201630
201642
201645
201996
202015
202043
202129
202160
202209
202265
202309
202325
202357
202439
202463
202543
202593
202634
202690
202737
202843
202864
202968
203095
203182
203312
203380
203390
203391
203484
203535
203578
203633
203723
203864
203917
203918
203954
204232
204266
204281
204428
204448
204469
204554
204639
204784
204950
205085
205128
205129
205132
205138
205175
205331
205343
205352
205465
205526
205540
205546
205665
205787
205808
205872
205874
205937
205974
206045
206105
206180
206346
206370
206383
206410
206511
206546
206645
206755
206796
206935
207094
207144
207172
207182
207249
207371
207671
207691
207728
207772
207812
207826
208032
208052
208318
208319
208322
208370
208389
208392
208579
208637
208641
208737
208860
209017
209142
209156
209160
209337
209362
209403
209518
209524
209577
209628
209681
209696
209697
209736
209841
209850
209922
209967
210024
210039
210058
210082
210154
210166
210211
210212
210229
210250
210299
210567
210624
210646
210672
210746
210754
210769
210992
211128
211159
211243
211288
211330
211456
211526
211545
211877
212023
212115
212283
212363
212370
212416
212533
212561
212588
212605
212652
212677
212798
213037
213039
213093
213271
213357
213446
213514
213610
213640
213833
213984
214170
214234
214296
214342
214364
214378
214433
214795
214812
214879
214903
215122
215342
215361
215508
215762
215853
215888
215941
216004
216145
216148
216181
216272
216286
216370