5498
6697
12406
13171
20852
21062
21274
21305
25106
28737
28849
30945
31143
31345
33973
34421
35587
35594
35647
35668
38980
41245
41793
42772
43232
44031
44087
44272
44288
44397
48107
48340
49091
49243
49526
49682
49711
50155
50176
50205
50294
50334
50345
50438
50492
50590
50593
50685
50765
50929
50934
51276
51365
51584
51936
56497
56740
56742
56920
57135
57184
57192
57331
58076
59770
59860
59861
60280
60330
60337
60367
60591
60611
60744
60769
60770
60857
61235
62170
62197
62208
62351
199102
199561
201992
202090
202387
202925
203808
205155
205820
206047
206053
206428
207229
207587
208009
208217
208407
209283
210153
210843
210845
210871
211089
211263
211487
211973
211976
212108
212172
212619
213664
213860
215100
215119
215272