58
74
239
271
376
542
549
566
577
591
601
602
611
684
691
802
803
804
806
808
810
811
812
818
819
820
821
822
823
825
826
827
828
829
830
831
832
835
837
838
851
852
855
856
857
900
905
909
912
913
922
933
956
957
958
967
977
981
991
1011
1024
1038
1039
1043
1048
1061
1070
1071
1076
1085
1100
1403
1418
1604
1633
1634
1645
1691
1730
1824
2491
2492
2493
2568
2651
2704
2710
2735
2919
3055
3059
3359
3367
3397
3411
3584
3602
3609
3633
3672
3765
3766
3774
3804
3812
3823
3848
3958
3974
3993
4143
4199
4205
4321
4322
4469
4470
4475
4476
4495
4507
4508
4509
4540
4603
4872
4876
4877
4939
5057
5071
5110
5111
5645
5664
5688
5690
5711
5743
5747
5757
5764
5765
5769
5788
6058
6145
6171
6191
6219
6241
6247
6280
6327
6391
6407
6422
6509
6539
6561
6562
6579
6602
6608
6622
6642
6987
7036
7040
7057
7100
7110
7122
7186
7209
7242
7249
7271
7277
7299
7311
7312
7383
7398
7402
7403
7442
7443
7445
7446
7451
7454
7456
7734
7765
7780
7781
7788
7794
7826
7860
7861
7873
7878
7883
7885
7928
7940
7950
7969
7992
8013
8090
8111
8153
8160
8165
8183
8187
8297
9115
10261
10264
10265
10329
10341
10354
10400
10482
10520
10533
10566
10568
10570
10626
10678
10687
10751
10804
10808
10856
10865
10929
10965
10972
10980
10996
11031
11032
11033
11037
11075
11077
11084
11103
11105
11119
11175
11181
11216
11239
11257
11260
11287
11290
11305
11342
11358
11388
11391
11435
11453
11468
11478
11489
11507
11510
11522
11532
11539
11544
11566
11568
11601
11626
11627
11628
11635
11647
11655
11666
11670
11700
11702
11703
11727
11807
11814
11831
11851
11858
11864
11879
11918
11991
11998
12010
12021
12059
12093
12109
12132
12202
12212
12277
12989
13319
13340
13360
13365
13441
13468
13469
13487
13523
13525
13552
13559
13561
13571
13586
13601
13608
13616
13625
13646
13650
13657
13727
13733
13764
13768
13770
13773
13794
13804
13826
13845
13846
13851
13861
13864
13872
13883
13895
13911
13923
13937
13942
13948
13966
14007
14008
14014
14027
14059
14066
14078
14086
14098
14101
14102
14112
14116
14118
14150
14152
14158
14166
14176
14177
14190
14214
14217
14218
14240
14254
14268
14270
14336
14338
14358
14366
14387
14422
14426
14442
14444
14453
14456
14472
14476
14485
14490
14500
14530
14562
14595
14642
14659
14661
14663
14673
14720
14731
14735
14757
14794
14807
14811
14812
14817
14820
14826
14836
14843
14865
14866
14873
14875
14894
14918
14933
14965
15000
15024
15031
15037
15044
15052
15061
15067
15090
15094
15101
15102
15122
15127
15128
15158
15160
15162
15192
15194
15247
15283
15296
15318
15321
15348
15353
16395
16414
16438
16439
16462
16475
16485
16487
16523
16532
16543
16569
16570
16580
16583
16598
16605
16623
16624
16686
16696
16723
16729
16730
16731
16751
16796
16802
16808
16866
16932
16944
16949
16995
17001
17023
17042
17120
17141
17159
17170
17181
17188
17198
17241
17266
17300
17316
17328
17353
17371
17372
17397
18442
18446
18451
18472
18475
18498
18499
18525
18528
18534
18563
18585
18587
18588
18620
18621
18627
18634
18637
18638
18655
18665
18686
18688
18705
18721
18750
18799
18801
18814
18850
18868
18875
18878
18887
18901
18968
18986
18987
18988
18997
19016
19039
19041
19052
19053
19075
19086
19117
19120
19122
19166
19167
19168
19171
19190
19220
19234
19276
19286
19297
19341
19343
19350
19351
19369
19382
19394
19402
19423
19431
19432
19446
19450
19465
19467
19475
19502
19515
19523
19554
19559
19561
19566
19595
19608
19614
19651
19662
19678
19696
19737
19752
19756
19764
19772
19789
19792
19797
19814
19821
19835
19842
19848
19850
19875
19900
19908
19915
19925
19928
19935
19952
19968
20010
20016
20045
20053
20063
20068
20069
20076
20082
20119
20132
20161
20218
20221
20237
20272
20291
20324
20365
20371
20375
20378
20425
20453
20724
21513
21533
21548
21552
21563
21564
21570
21620
21640
21652
21659
21671
21677
21703
21722
21723
21724
21774
21793
21804
21813
21834
21853
21855
21887
21909
21920
21925
21936
21949
21992
21995
22037
22049
22060
22105
22113
22165
22195
22278
22308
22359
22372
22376
22393
22404
22423
22424
22457
22476
22483
22491
22494
22505
22506
22512
22520
22532
22533
22543
22544
22573
22591
22622
22623
22634
22636
22639
22652
22682
22684
22686
22705
22748
22749
22766
22784
22790
22799
22816
22832
22863
22867
22873
22893
22910
22923
22947
22950
22951
22953
22964
22995
23001
23034
23107
23115
23116
23136
23159
23163
23181
23184
23195
23197
23214
23217
23229
23237
23252
23261
23299
23300
23307
23311
23358
23373
23395
23419
23457
23471
23498
23501
23523
24700
25626
25635
25636
25668
25689
25706
25728
25749
25790
25797
25805
25820
25826
25827
25833
25835
25848
25858
25870
25872
25912
25914
25925
25942
25946
25948
25962
25976
25983
25988
25999
26025
26035
26037
26071
26110
26138
26140
26155
26195
26198
26206
26221
26225
26227
26230
26233
26249
26268
26270
26281
26288
26300
26318
26320
26321
26323
26354
26357
26361
26366
26374
26389
26413
26416
26430
26441
26480
26501
26516
26523
26531
26546
26547
26567
26574
26672
26677
26680
26692
26696
26704
26728
26737
26753
26775
26788
26802
26806
26832
26837
26838
26856
26871
26872
26884
26889
26904
26922
26932
26968
26986
26996
27168
27181
27256
27265
27275
27280
27293
27299
27312
27324
27340
27367
27380
27381
27404
27408
27463
27495
27498
27546
27570
27579
27584
27606
27618
27623
27628
28944
29731
29741
29747
29768
29773
29806
29807
29810
29861
29862
29872
29883
29907
29909
29925
29931
29939
29945
29953
29974
29988
29991
30002
30003
30017
30028
30045
30048
30068
30079
30085
30092
30105
30147
30155
30158
30176
30236
30256
30265
30295
30323
30324
30336
30348
30355
30370
30396
30400
30406
30407
30409
30414
30447
30466
30482
30500
30507
30514
30528
30529
30539
30549
30559
30580
30638
30645
30648
30657
30713
31760
31765
31782
31790
31798
31846
31851
31886
31903
31905
31914
31917
31926
31930
31931
31983
31992
32001
32006
32012
32018
32026
32095
32100
32121
32156
32157
32176
32191
32201
32216
32233
32237
32245
32247
32250
32263
32277
32315
32316
32347
32348
32364
32380
32424
32433
32435
32441
32453
32463
32473
32474
32489
32491
32517
32521
32536
32545
32555
32563
32564
32580
32584
32586
32591
32613
32636
32638
32659
32678
32704
32705
32710
32716
32735
32738
32747
32756
32762
32773
32789
32804
32815
32817
32820
32858
32864
32881
32900
32909
32941
32956
33007
33017
33028
33039
33040
33041
33044
33056
33091
33096
33105
33107
33110
33130
33139
33158
33162
33164
33169
33185
33209
33221
33230
33250
33256
33300
33301
33306
33314
33317
33320
33326
33361
33374
33375
33389
33412
33432
33440
33448
33459
33474
33487
33510
33513
33541
33549
33554
33594
33602
33610
33628
33705
35145
35843
35846
35857
35875
35877
35887
35888
35893
35911
35927
35938
35939
35949
35964
35982
35998
36000
36004
36008
36042
36052
36068
36122
36125
36132
36140
36147
36181
36205
36225
36226
36235
36255
36256
36273
36318
36337
36354
36369
36382
36391
36445
36452
36472
36479
36483
36493
36505
36510
36518
36522
36534
36543
36615
36666
36676
36689
36698
36731
36750
36786
36792
36817
39426
39852
39951
39959
39962
39964
39975
40007
40028
40029
40095
40108
40119
40191
40202
40206
40224
40241
40243
40280
40282
40286
40291
40299
40304
40318
40332
40333
40337
40383
40392
40416
40424
40436
40438
40439
40440
40446
40449
40470
40473
40474
40478
40529
40560
40563
40568
40575
40598
40611
40635
40660
40688
40690
40699
40707
40727
40758
40759
40788
40808
40814
40820
40821
40830
40838
40854
40864
40867
40870
40884
40888
40895
40915
40925
40940
40949
42865
46091
46095
46129
46135
46156
46157
46184
46195
46210
46265
46280
46300
46320
46345
46371
46377
46383
46430
46477
46478
46482
46525
46539
46541
46546
46554
46584
46609
46612
46618
46626
46630
46641
46686
46737
46747
46757
46818
46861
46872
46874
46877
46882
46910
46915
46920
46959
46994
47023
47027
47035
47043
47055
47062
47085
47086
47102
48592
49286
49707
50499
50530
50555
50967
51818
51965
52210
53265
53298
53319
53338
53339
53342
53349
53356
53359
53363
53364
53365
53390
53403
53405
53414
53437
53441
53442
53443
53455
53471
53474
53479
53486
53494
53509
53525
53539
53543
53564
53566
53583
53589
53594
53609
53615
53618
53625
53631
53636
53649
53661
53668
53671
53672
53681
53714
53732
53735
53757
53791
53792
53795
53798
53800
53810
53820
53829
53863
53864
53868
53877
53896
53904
53906
53910
53913
53917
53982
53987
53999
54002
54009
54026
54041
54044
54070
54078
54085
54133
54134
54137
54139
54148
54164
54167
54175
54182
54191
54194
54197
54198
54206
54227
54233
54235
54254
54280
54296
54307
54310
54351
54353
54359
54368
54394
54397
54412
54442
54447
54453
54454
54460
54461
54477
54479
54494
54509
54520
54527
54587
54605
54606
54614
54625
54632
54633
54643
54652
54655
54657
54658
54672
54718
54719
54726
54738
54759
54760
54764
54777
54783
54788
54807
54818
54826
54830
54841
54842
54859
54867
54874
54875
54877
54884
54887
54889
54899
54904
54910
54915
54916
54929
54937
54941
54944
54975
54980
54987
54994
55003
55010
55016
55017
55019
55021
55022
55053
55055
55066
55073
55101
55108
55124
55130
55144
55149
55162
55166
55172
55176
55177
55195
55206
55220
55222
55227
55235
55254
55267
55271
55275
55285
55286
55288
57147
57439
61003
61316
62153
62160
62164
62466
62470
62487
62489
62497
62502
62512
62513
62525
62551
62563
62577
62589
62593
62596
62649
62666
62667
62679
62686
62692
62706
62717
62726
62752
62758
62761
62772
62782
62824
62831
62840
62845
62846
62853
62865
62868
62875
62881
62899
62906
62919
62921
62937
62960
62962
62967
62969
62982
62993
63003
63004
63019
63035
63052
63065
63068
63072
63074
63076
63122
63126
63127
63131
63134
63155
63159
63170
63202
63213
63236
63272
63278
63297
63300
63305
63318
63327
63334
63349
63356
63359
63363
63372
63385
63396
63408
63419
63447
63470
64199
64231
64234
64254
64258
64265
64291
134395
135899
136258
137945
139309
139323
139912
140235
142281
151639
197820
198972
199177
199400
200158
200351
201386
201979
202184
202300
202313
203160
203314
203737
204248
205212
205527
205689
207609
207722
207809
207893
208852
208914
210134
210724
211548
212034
212387
212618
212727
212934
213339
213560
213598
214054
214117
214147
214393
214562
214623
214681
215251
215277
215755
216340
216391
393217
393242
393249
393304
393311
393388
393424
393431
393445
393457
393461
393468
393498
393504
393511
393523
393540
393595
393598
393607
393612
393632
393636
393637
393653
393659
393686
393735
393755
393810
393818
393845
393877
393879
393891
393905
393907
393927
393932
393952
393956
393966
393981
393987
393990
393994
393996
394006
394015
394023
394030
394051
394067
394081
394085
394146
394151
394232
394233
394237
394256
394259
394273
394277
394284
394292
394312
394323
394332
394347
394352
394354
394357
394366
394367
394369
394375
394385
394386
394397
394405
394410
394418
394422
394430
394445
394462
394486
394501
394520
394522
394554
394559
394567
394583
394630
394654
394667
394676
394678
394689
394703
394707
394710
394715
394719
394731
394745
394766
394786
394799
394821
394831
394840
394846
394863
394958
394971
394974
394986
394989
394995
395043
395049
395050
395064
395071
395075
395080
395089
395096
395097
395109
395114
395118
395122
395127
395128
395152
395156
395158
395167
395173
395198
395200
395205
395207
395214
395219
395225
395233
395235
395248
395254
395261
395262
395263
395272
395295
395297
395309
395322
395328
395338
395386
395387
395399
395405
395417
395431
395432
395449
395453
395467
395479
395482
395485
395509
395543
395544
395546
395569
395570
395600
395611
395616
395653
395660
395663
395667
395677
395704
395739
395741
395755
395759
395761
395766
395768
395771
395783
395791
395807
395817
395826
395852
395863
395899
395913
395921
395932
395938
395947
395956
395964
395965
395991
395997
396005
396045
396084
396095
396100
396105
396108
396110
396113
396125
396126
396129
396142
396223
396237
396294
396297
396302
396306
396313
396316
396328
396338
396341
396363
396367
396374
396419
396420
396472
396475
396476
396477
396486
396501
396503
396504
396510
396515
396516
396521
396830
396870
396879
396917
396946
396984
396993
397003
397023
397033
397070
397102
397128
397130
397131
397136
397147
397168
397172
397177
397181
397188
397264
397280
397296
397320
397321
397335
397344
397372
397375
397408
397421
397433
397435
397441
397468
397474
397499
397506
397507
397524
397538
397540
397543
397545
397553
397561
397569
397570
397573
397588
397592
397594
397599
397617
397637
397659
397667
397681
397687
397711
397717
397727
397728
397735
397746
397771
397778
397811
397814
397829
397857
397864
397867
397888
397894
397896
397905
397922
397928
397930
397931
397944
397962
398006
398008
398038
398041
398061
398069
398087
398094
398095
398115
398157
398174
398182
398216
398259
398262
398264
398268
398285
398288
398290
398292
398299
398305
398341
398346
398358
398362
398363
398400
398411
398425
398444
398482
398488
398568
398649
398666
398669
398671
398696
398697
398709
398713
398717
398720
398721
398734
398740
398744
398747
398749
398762
398763
398764
398773
398803
398812
398824
398827
398833
398834
398839
398840
398848
398865
398872
398889
398890
398898
398905
398909
398944
398954
398959
398962
398970
398982
398983
398995
398999
399016
399018
399031
399035
399041
399044
399058
399061
399063
399067
399068
399083
399089
399093
399098
399105
399116
399123
399127
399128
399129
399137
399194
399197
399199
399214
399218
399219
399226
399228
399230
399246
399267
399279
399289
399304
399309
399319
399327
399337
399354
399357
399376
399385
399389
399394
399405
399409
399410
399429
399438
399486
399494
399500
399537
399542
399555
399558
399580
399591
399630
399648
399680
399688
399690
399743
399748
399760
399772
399775
399778
399784
399786
399825
399844
399847
399858
399874
399887
399891
399899
399923
399930
399944
399973
400022
400024
400030
400032
400075
400078
400082
400085
400100
400108
400113
400130
400133
400150
400163
400170
400173
400176
400196
400198
400200
400202
400221
400243
400261
400262
400263
400270
400276
400281
400288
400307
400331
400336
400343
400363
400370
400382
400401
400415
400426
400438
400442
400449
400459
400464
400465
400476
400486
400487
400499
400501
400551
400570
400583
400584
400588
400591
400594
400596
400598
400604
400606
400607
400631
400634
400654
400687
400702
400708
400717
400721
400724
400736
400764
400792
400803
400812
400815
400817
400832
400833
400892
400914
400929
400934
400938
400955
400960
400970
400979
400981
400987
401030
401035
401038
401067
401103
401112
401133
401135
401146
401147
401167
401168
401175
401179
401190
401196
401203
401212
401213
401216
401225
401287
401315
401327
401330
401331
401344
401352
401355
401376
401384
401393
401394
401439
401466
401485
401496
401497
401578
401593
401595
401597
401604
401619
401636
401638
401658
401664
401665
401679
401683
401695
401705
401723
401737
401738
401744
401761
401771
401778
401816
401826
401840
401853