513
559
695
696
1297
1624
1836
2047
2612
2613
3083
3084
3085
3086
3087
3088
3089
3090
3091
3092
3093
3094
3095
3096
3097
3098
3099
3100
3101
3102
3103
3104
3105
3106
3107
3108
3109
3173
3250
3303
3334
3412
3413
3414
3415
4405
4406
4407
4408
4409
4410
4411
4412
4413
4414
4415
4416
4417
4418
4419
4420
4421
4422
4423
4424
4425
4426
4427
4428
4429
4430
5426
5529
6730
6732
6772
6775
6776
6837
6893
6898
6907
8231
8235
8243
8247
8271
8298
8300
8302
8404
8414
8453
8556
8640
8659
8729
8758
8803
8821
8833
8843
8883
8982
9025
9042
9044
9092
9096
9100
9108
9214
10100
11868
12307
12333
12342
12347
12350
12387
12429
12511
12553
12620
12649
12651
12750
12776
12799
12928
13030
13154
13250
13267
13283
15361
15398
15432
15513
15517
15532
15547
15575
15576
15585
15600
15623
15661
15675
15701
15716
15796
15978
16046
16079
16111
16114
16221
16242
16267
20560
20582
20612
20641
20648
20700
20743
20868
20890
20893
20932
20988
21040
21047
21069
21124
21190
21217
21222
21232
21253
21254
21269
21273
21405
21423
21434
21436
21449
21466
24585
24889
24925
24951
24952
25021
25031
25090
25091
25164
25275
25289
25342
25353
25375
25420
25435
25440
25563
25598
28686
28749
28810
28859
28875
28916
28928
29058
29097
29166
29222
29260
29296
29356
29430
29500
29617
29641
29655
29691
30727
30786
30862
30934
30935
30973
31004
31030
31051
31052
31097
31124
31141
31424
31544
31592
31662
31736
33845
33849
33958
33965
33998
34146
34182
34261
34271
34288
34290
34310
34438
34514
34532
34554
34578
34615
34617
34781
34800
34831
34893
34927
34960
35030
35034
35054
35097
35202
35203
35206
35234
35240
35276
35336
35360
35396
35507
35518
35603
35635
35663
35712
35793
39037
39040
39132
39142
39166
39212
39265
39296
39381
39419
39432
39440
39457
39540
39544
39624
39671
39750
39764
39865
39895
39932
41003
41051
41071
41133
41264
41290
41294
41386
41408
41481
41482
41503
41521
41549
41555
41562
41577
41590
41622
41632
41655
41715
41766
41768
41838
41872
41882
41906
41913
41983
42011
42032
42059
42079
42085
42128
42155
42168
42202
42336
42346
42357
42389
42476
42491
42500
42509
42570
42629
42760
42810
42860
42898
42917
42978
43107
43122
43127
43136
43141
43183
43284
43291
43393
43440
43457
43477
43549
43572
43577
43621
43664
43735
43800
43828
43906
44038
44166
44238
44239
44346
44393
44432
44468
44469
44573
44596
44601
44681
44690
44776
44829
44879
44885
44888
44911
44919
44938
44990
47109
47176
47194
47271
47299
47302
47328
47337
47422
47444
47461
47469
47498
47506
47538
47617
47639
47649
47908
47936
47946
48027
48038
48052
48138
48158
48194
48218
48258
48263
48307
48350
48390
48461
48468
48482
48540
48575
48590
48662
48681
48766
48776
48795
48849
48857
48885
48971
48983
49043
49071
49113
49114
49236
49237
49446
49457
49462
49489
49520
49525
49625
49642
49865
49938
49942
49983
50110
50117
50136
50170
50185
50255
50262
50277
50327
50350
50405
50476
50525
50598
50609
50734
50785
50805
50837
50849
50869
50963
50997
51106
51154
51163
51262
51395
51423
51450
51529
51530
51688
51760
51768
51776
51778
51786
51798
51817
51820
51873
51877
51907
51934
52089
52150
52183
56395
56554
56728
56743
56755
56798
56803
56950
57118
57166
57204
57260
57370
57465
57502
57521
57559
57576
57651
57676
57757
57777
57859
57965
57987
58057
58115
58133
58193
58222
58259
58260
58280
58299
58326
59414
59519
59622
59647
59741
59808
59810
59812
59824
59891
59898
59905
60016
60059
60115
60129
60190
60199
60265
60284
60311
60364
60371
60384
60385
60390
60420
60467
60474
60478
60486
60545
60617
60633
60674
60728
60785
60792
60804
60901
61062
61076
61098
61144
61174
61190
61232
61287
61309
61320
61322
61339
61423
61970
62035
62044
62045
62139
62256
62317
62320
62371
64402
64426
64431
64442
64462
149476
196618
196620
196621
196651
196722
196734
196810
197066
197202
197312
197331
197352
197380
197439
197525
197584
197689
197742
197763
197827
197988
198026
198123
198165
198172
198175
198249
198326
198385
198433
198534
198635
198784
198808
198925
198951
198964
199003
199047
199077
199092
199178
199193
199218
199225
199229
199302
199403
199533
199553
199554
199562
199567
199587
199591
199641
199642
199661
199662
199802
199811
199819
200082
200107
200206
200233
200281
200286
200308
200417
200447
200471
200544
200584
200601
200647
200713
200726
200759
200815
200888
200925
200951
200979
200987
201103
201134
201155
201199
201223
201228
201306
201319
201329
201365
201416
201436
201440
201481
201586
201590
201621
201679
201837
201870
201882
202032
202035
202088
202123
202172
202240
202360
202411
202424
202427
202451
202452
202458
202479
202647
202691
202714
202721
202728
202771
202885
202897
203104
203125
203130
203153
203200
203218
203384
203434
203496
203564
203639
203660
203670
203702
203718
203732
203776
203855
203882
203892
203969
204082
204095
204178
204284
204333
204418
204437
204438
204442
204478
204483
204510
204572
204590
204594
204631
204783
204824
204970
205029
205040
205067
205073
205218
205315
205357
205377
205393
205466
205678
205683
205699
205737
205747
205762
205815
205920
205929
205959
206087
206104
206123
206137
206140
206147
206201
206214
206225
206261
206291
206327
206330
206402
206415
206433
206466
206484
206492
206500
206522
206567
206616
206662
206779
206790
206794
206857
206891
206969
207014
207032
207076
207143
207149
207161
207224
207241
207271
207308
207335
207378
207395
207482
207512
207531
207624
207646
207660
207666
207688
207733
207758
207762
207907
207996
208065
208172
208216
208260
208305
208316
208378
208381
208510
208575
208600
208608
208613
208646
208650
208682
208731
208782
208813
208836
208921
208948
208980
209042
209103
209105
209194
209346
209494
209533
209582
209615
209822
209832
209833
209848
209878
209880
209886
209898
209913
210018
210036
210042
210076
210231
210308
210346
210360
210378
210468
210500
210602
210736
210742
210752
210861
210862
210983
210998
211003
211013
211096
211174
211182
211197
211342
211452
211454
211464
211472
211540
211565
211569
211833
211837
211861
211894
212009
212014
212100
212125
212129
212141
212142
212143
212145
212201
212255
212310
212323
212368
212374
212378
212381
212464
212506
212580
212629
212777
212801
212823
212865
212920
212944
212960
212981
213011
213044
213076
213081
213196
213263
213270
213288
213298
213307
213376
213418
213597
213743
213747
213758
213913
213924
213929
214035
214060
214108
214163
214204
214217
214237
214274
214358
214476
214516
214527
214551
214552
214619
214700
214756
214815
214849
214864
214867
214873
214897
214898
215041
215044
215178
215198
215217
215254
215266
215278
215448
215489
215538
215642
215785
215808
215816
215825
215847
215852
215891
216097
216106
216229
216318
216381
216434
216467