1296
4995
6240
6429
6471
6535
7004
7418
7993
10778
11340
13381
13424
13643
13774
14117
14259
14318
14560
14708
14795
14966
15208
15311
16471
16629
16742
16780
16847
16849
16874
16990
17126
17147
17257
18492
18822
18941
19077
19196
19228
19338
19411
19632
20015
20191
20256
20361
21614
21753
21765
21862
22047
22661
22860
22924
22975
23140
23416
23488
25718
26048
26119
26601
26604
26610
26623
27651
27659
27676
27677
27678
27680
27701
27719
27732
27735
27741
27746
27766
27776
27836
27838
27853
27856
27874
27880
27888
27897
27899
27901
27904
27909
27911
27918
27925
27931
27942
27943
27946
27952
27962
27965
27978
27979
27986
27995
28044
28046
28047
28059
28060
28077
28082
28091
28096
28098
28099
28116
28120
28319
52226
52230
52234
52246
52248
52252
52265
52267
52280
52282
52304
52305
52306
52310
52313
52315
52341
52353
52368
52396
52407
52411
52435
52439
52441
52452
52460
52478
52479
52489
52494
52497
52510
52511
52512
61444
61459
61460
61466
61483
61492
61503
61506
61507
61522
61524
61525
61526
61527
64108
64111
64112
64113
64121
64127
64129
64131
64139
64152
64154
64161
64166
213606
262147
262153
262155
262167
262213
262224
262228
262233
262237
262240
262256
263173
263184
263208
263214
263237
263249
263688
263700
263702
263711
263728
263753
263758
263773
263784
263807
263816
263826
263835
264620
264626
264636
264641
264664
264670
264671
264681
264707
264710
264724
264729
264730
264735
264775
264780
264802
264806
264814
264827
264838
264839
264840
264854
264859
265642
265644
265656
265662
265672
265675
265678
265703
265714
265743
265757
265769
265830
265831
265839
265851
265858
265871
266655
266662
266706
266711
266713
266715
266724
266726
266731
266765
266771
266776
266779
266789
266795
266801
266803
266818
266826
266830
266835
266840
266844
266846
266851
266852
266855
266857
266864
266866
266870
266878
266879
266881
266887
266891
266895
266900
266901
266902
266910
267677
267697
267717
267719
267724
267728
267733
267745
267746
267748
267753
267758
267775
267776
267818
267826
267848
267851
267859
267863
267868
267894
267906
267908
267926
269733
269774
269793
269828
269875
269877
269925
269944
269949
269956
269963
269967
269988
269993
269998
270008
270013
270014
270024
270025
270034
270050
270056
270059
270064
270065
270094
270102
271777
271778
271783
271788
271803
271807
271817
271836
271839
271841
271843
271846
271849
271854
271867
271869
271871
271872
271893
271894
271895
271896
271915
271921
271937
271993
271997
272001
272014
272022
272025
272028
272031
272105
272144
272858
272891
272897
272957
272981
273019
273025
273028
273032
273073
273091
273097
273148
273178
273179
273223
273236
273237
273822
273834
273853
273879
273886
273920
273955
273963
273973
273988
273997
274000
274020
274024
274025
274042
274073
274094
274099
274111
274136
274139
274165