3460
3717
4134
4538
4611
4659
4751
4789
4798
4799
4808
4809
4811
4812
4814
4815
4835
4837
4839
4842
4843
4847
4859
7497
7547
7549
7576
7586
7609
7638
7653
7692
7721
9298
9305
9384
9388
9401
9425
9535
9721
9800
9808
9809
9929
9936
9939
10095
10111
10206
10212
17428
17442
17490
17620
17629
17633
17638
17655
17672
17735
17739
17767
17772
17782
17785
17788
17799
17816
17883
17896
17923
17962
17997
18011
18118
18238
18257
18344
18387
23610
23611
23650
23662
23724
23771
23839
23910
23911
23924
24059
24133
24144
24145
24239
24301
24302
24310
24311
24348
24376
24400
24401
24444
24460
24489
24495
24547
24575
37936
37944
37945
37951
37952
38019
38027
38035
38057
38238
38255
38270
38272
38283
38323
38335
38564
38585
38587
38834
39753
41780
41979
42962
44421
44446
45056
45120
45256
45275
45567
45576
45587
45746
45798
48301
49575
49904
50922
51928
55439
55461
55466
55468
55515
55641
55721
55739
55786
55826
55849
55877
55883
55886
55929
55937
55956
56019
56040
56044
56053
56116
56119
56127
56176
56187
56230
56279
56282
56292
56314
57330
58026
58336
58410
58412
58415
58417
58448
58461
58466
58517
58536
58539
58563
58593
58741
58769
58811
58827
58879
58888
58908
58991
59201
59223
59265
59293
59296
59384
60666
62230
63530
63810
63828
63833
63835
63836
63838
63918
63999
64021
131132
131233
131285
131300
131301
131307
131311
131319
131325
131326
131335
131449
131456
131469
131481
132019
132147
132153
132154
132176
132203
132225
132226
132437
132446
132478
132479
132501
132510
132511
132525
132536
132551
132617
132623
132833
132886
133033
133056
133111
133118
133171
133194
133219
133373
133465
133475
133478
133492
133494
133503
133508
133511
133550
133555
133558
133774
133790
133846
133865
133952
134103
134169
134172
134238
134413
134417
134425
134477
134488
134542
134578
134671
134755
134792
134810
135006
135011
135040
135054
135061
135089
135169
135363
135426
135432
135501
135546
135570
135575
135579
135629
135630
135646
135671
135674
135883
136018
136146
136148
136160
136173
136180
136185
136188
136189
136190
136237
136250
136535
136545
136591
136725
136755
136766
136769
136923
136958
137017
137200
137229
137256
137266
137401
137436
137528
137533
137539
137571
137686
137702
137709
137813
137835
137908
137917
137986
138029
138169
138182
138211
138217
138351
138369
138373
138381
138387
138393
138401
138405
138407
138409
138416
138421
138436
138438
138440
138457
138480
138513
138532
138535
138538
138545
138570
138577
138597
138635
138641
138679
138698
138949
138966
138979
138982
138991
139007
139015
139018
139061
139073
139080
139090
139201
139203
139209
139216
139220
139231
139249
139252
139266
139316
139317
139462
139584
139589
139618
139635
139721
139726
139738
139743
139767
139769
139774
139775
139787
139791
139795
139799
139801
139803
139859
139874
139887
139888
139905
139908
140043
140053
140056
140061
140083
140105
140221
140232
140238
140245
140270
140290
140308
140328
140345
140363
140364
140483
140498
140508
140527
140528
140553
140582
140596
140633
140636
140638
140647
140682
140688
140707
140709
140714
140716
140717
140720
140726
140731
140846
140848
140852
140853
140873
140886
140895
140903
140914
140915
140943
140961
140979
141005
141006
141017
141025
141027
141028
141151
141157
141168
141172
141176
141232
141425
141429
141430
141445
141679
141739
141771
141776
141998
142067
142111
142161
142164
142404
142410
142433
142438
142553
142562
142583
142586
142608
142611
142642
142650
143674
146746
146959
146966
147008
147038
148969
148972
148981
148982
148983
149056
149057
149174
149178
149304
149443
149458
149475
149510
149511
149639
149763
149790
149793
149808
149837
149839
149979
149999
150141
150145
150166
150173
150184
150370
150373
150374
151058
151185
151187
151193
151194
151202
151216
151320
151331
151392
151394
151397
151418
151423
151464
151483
151490
151493
151494
151613
151628
151640
151673
151785
151814
151823
151951
151974
152092
152118
152120
152134
152186
152321
152471
152598
152631
152697
152711
152892
152911
152920
152930
153033
153057
153168
153170
153185
153189
153195
153330
153376
153458
153468
153497
153593
153633
153662
153712
153725
153726
153747
153911
154010
197433
197626
198025
198266
198516
198527
199310
199392
199406
199684
199691
199832
199932
200021
200078
200103
200256
200267
200268
200536
200545
200732
200789
200809
200853
200890
200936
200959
202229
202256
203236
203655
203664
203899
204051
204185
204571
205152
205532
205603
205610
205618
205651
205794
206315
206729
206843
207091
207292
207299
207317
207338
207454
207780
207901
208127
208618
208679
208698
208754
208830
208872
208993
209187
209218
209261
209294
209300
209306
209481
209484
209556
209574
209586
209645
209650
209661
210041
210176
210352
210361
210426
210714
210738
210903
211051
211158
211176
211265
211575
211679
211729
211843
211968
211992
212164
212237
212371
212532
212690
212793
212831
212982
212985
213116
213199
213404
213519
213545
213548
213581
213582
213605
213625
213629
213663
213700
213769
213782
213806
213878
213891
213903
213914
214001
214040
214203
214439
214575
214610
214613
214633
214660
214674
214702
214704
214734
214740
214759
214773
214775
214843
214848
214871
214899
214911
214912
214921
214934
214963
215007
215056
215315
215502
215507
215526
215750
215786
215832
215848
215969
215995
216056
216173
216299
216305
216342
216373
216412