3603
3816
5722
7087
7157
7195
7199
7437
7953
7997
8026
8054
8065
8096
8163
10299
10502
10620
10691
11237
11581
13489
14080
14084
14187
14664
14759
14867
14970
15066
16663
18678
18869
19429
19731
20244
21578
22368
22453
23246
26603
26605
26611
26619
27650
27663
27670
27695
27698
27721
27731
27753
27758
27763
27798
27803
27805
27810
27817
27831
27837
27845
27852
27855
27864
27886
27921
27937
27941
27951
27975
27989
27992
28013
28039
28070
28083
28085
52247
52256
52258
52269
52272
52320
52330
52334
52335
52434
52456
52464
52467
52488
61450
61454
61457
61463
61467
61498
61499
64122
64124
64140
64141
64142
64148
64149
134388
262158
262160
262186
262191
262214
262215
262220
262226
262236
262245
262261
262928
262929
262930
263191
263195
263199
263202
263210
263227
263680
263691
263710
263719
263731
263743
263798
263802
263804
263819
263836
264646
264647
264648
264653
264659
264682
264693
264706
264714
264718
264762
264782
264796
264799
264803
264804
264805
264829
264835
264842
265652
265682
265688
265693
265696
265705
265833
265855
265861
266669
266698
266736
266737
266747
266770
266774
266816
266832
266848
266849
266860
266862
266868
266869
266877
266903
266906
267678
267682
267691
267708
267755
267757
267769
267777
267788
267790
267796
267799
267807
267810
267823
267832
267834
267841
267842
267855
267857
267869
267880
267890
267893
267902
267919
267928
267929
269735
269737
269742
269743
269746
269755
269777
269796
269804
269822
269836
269845
269850
269855
269856
269867
269883
269885
269888
269893
269895
269900
269902
269904
269907
269937
269942
269954
269966
269971
269972
269977
269980
269986
269990
269991
269999
270003
270018
270020
270028
270030
270031
270035
270039
270046
270051
270057
270062
270075
270088
271773
271780
271786
271789
271792
271802
271809
271818
271820
271824
271825
271826
271827
271828
271829
271830
271833
271844
271845
271850
271851
271858
271859
271870
271877
271890
271901
271903
271905
271908
271918
271924
271925
271927
271947
271952
271954
271957
271958
271963
271964
271986
271992
271995
271998
272003
272007
272020
272024
272043
272044
272047
272049
272051
272058
272060
272071
272072
272076
272079
272084
272086
272087
272088
272093
272098
272103
272115
272125
272129
272135
272137
272139
272146
272153
272156
272806
272812
272828
272829
272835
272837
272842
272847
272849
272851
272859
272861
272869
272875
272881
272884
272896
272904
272909
272917
272918
272919
272920
272926
272929
272930
272932
272934
272937
272938
272942
272944
272949
272950
272952
272953
272956
272958
272963
272977
272978
272983
272986
272987
272988
272989
272990
272992
272995
273001
273006
273008
273013
273015
273020
273022
273027
273030
273031
273038
273042
273049
273055
273057
273059
273062
273064
273071
273074
273075
273078
273080
273082
273083
273085
273092
273094
273099
273102
273103
273106
273109
273114
273119
273120
273122
273124
273128
273131
273132
273134
273136
273138
273145
273153
273159
273166
273168
273172
273174
273176
273183
273187
273188
273191
273194
273202
273204
273212
273218
273221
273226
273234
273238
273244
273821
273823
273825
273829
273845
273849
273850
273852
273873
273878
273889
273894
273896
273898
273899
273905
273908
273910
273911
273926
273940
273953
273956
273957
273986
273993
273999
274001
274003
274005
274009
274010
274015
274017
274018
274021
274030
274039
274043
274044
274046
274054
274057
274059
274081
274096
274100
274110
274115
274124
274128
274141
274152
274154
274155
274163
274164
274172