2146
3790
11830
16973
17182
17376
18998
27876
27908
28022
28050
28081
28086
28110
28317
52228
52263
52342
52356
52385
52392
52395
52408
52423
52429
52463
52470
52476
61462
61464
61479
61489
64102
262145
262149
262152
262171
262172
262184
262197
262202
262217
262241
262242
262252
263220
263232
263246
263248
263683
263698
263713
263749
263762
263779
263785
263796
263831
263832
264615
264621
264644
264654
264686
264763
264820
265636
265766
265797
265873
266665
266717
266718
266719
266720
266746
266853
266875
266882
266907
267692
267698
267740
267744
267858
269787
269841
269863
269884
270058
270087
271847
271889
271891
271960
271972
271999
272000
272023
272108
272130
272821
272888
272900
273139
273147
273213
273214
273215
273216
273830
273929
273939
273987
274016
274032
274079
274108
274133
274158