3268
5425
5504
5531
6866
8544
8639
9139
12567
12678
15805
16229
21427
24655
24672
25425
29171
29639
30916
34480
34775
35432
39666
39935
40809
41657
41697
42913
43644
43779
44364
44550
44559
47583
48285
48623
48988
49338
49768
49921
50007
50233
50769
50996
51228
51297
51351
51606
51609
52080
56355
56418
56528
56860
56884
57104
58181
59406
59655
59697
59707
59719
61067
61170
62187
153562
196736
196984
196992
197648
197774
197785
198268
198336
198461
198858
198943
199188
199206
199247
199631
200055
200403
200649
201241
201534
201812
201860
201872
201978
202117
202232
202372
202448
202534
202954
203206
203316
203402
203410
203598
203663
203690
203946
204006
204343
204453
204775
204915
204995
205216
205362
205972
206044
206244
206502
206717
206912
206962
207431
207440
207658
207763
207971
208037
208040
208415
208425
208495
208521
208561
208601
208617
209180
209231
209366
209382
209562
209617
209625
209716
209772
210366
210800
211239
211537
211725
211779
211839
212200
212772
212875
213793
213922
213936
214124
214273
214504
214979
215099
215202
215621
216151