2118
2571
2605
2819
2852
3161
3234
5588
5610
6740
6881
8251
8646
8747
8882
8913
9053
9080
12344
12570
12767
12984
13036
13199
15380
15425
15485
15512
15614
15685
15935
16019
16246
20609
20643
20701
20708
20723
20884
21045
21082
21142
21241
21430
24641
24806
24971
25036
25093
25192
25234
25238
25248
25321
25424
25512
28725
28755
28892
28905
28972
29086
29113
29134
29208
29321
29401
29504
29583
30738
30764
31246
31349
31461
31559
33877
33883
33943
34040
34049
34070
34080
34222
34315
34475
34487
34596
34819
34911
34955
35046
35096
35136
35214
35236
35361
35592
35613
38952
39050
39392
39453
39455
39736
39761
39790
39791
39817
39896
39904
39906
40964
41030
41046
41088
41359
41453
41456
41509
41670
41711
41779
41824
42000
42189
42306
42422
42726
42908
43037
43070
43413
43500
43507
43523
43541
43542
43614
43708
43709
43757
43866
43895
44002
44065
44070
44104
44424
44430
44489
44500
44546
44672
44712
44770
44984
46553
47110
47114
47131
47200
47232
47269
47317
47493
47627
47681
47727
47749
47767
47834
47868
47949
48091
48131
48298
48364
48405
48417
48451
48574
48602
48661
48889
48926
48960
49013
49025
49095
49101
49121
49142
49244
49262
49573
49580
49767
49890
49931
49985
50067
50097
50100
50163
50301
50338
50348
50398
50415
50491
50651
50695
50698
50784
50825
50833
50971
50975
50980
51025
51134
51210
51248
51278
51331
51382
51400
51420
51424
51449
51463
51521
51524
51586
51661
51727
51744
51800
51968
52029
52058
52084
52092
52095
52115
52130
52154
52176
54444
56344
56353
56360
56427
56450
56456
56566
56624
56717
56821
56827
56891
56973
57007
57069
57077
57081
57158
57188
57279
57287
57288
57294
57472
57496
57560
57707
57728
57823
57825
57904
58215
58220
58239
59479
59664
59747
59871
59925
59959
59970
59984
60086
60143
60208
60218
60266
60275
60529
60584
60592
60606
60724
60727
61110
61169
61195
61296
61425
61973
61981
62011
62083
62099
62102
62159
62176
62178
62298
62405
63113
196653
196684
196735
196762
196815
196822
196843
196849
196861
196873
196916
196943
196952
197013
197019
197029
197046
197083
197197
197206
197277
197296
197307
197353
197376
197393
197412
197426
197444
197451
197542
197550
197565
197566
197694
197698
197798
197846
197875
197879
197895
197920
197963
198002
198031
198101
198103
198121
198143
198161
198167
198171
198248
198282
198284
198346
198403
198494
198500
198519
198564
198605
198627
198668
198725
198813
198814
198882
198977
198991
199059
199220
199298
199350
199405
199490
199600
199604
199630
199657
199665
199711
199722
199803
199806
200059
200070
200114
200449
200474
200600
200635
200646
200678
200717
200806
200828
200844
200848
200874
200918
200985
201007
201116
201163
201263
201265
201348
201447
201457
201464
201476
201533
201548
201559
201594
201608
201625
201648
201654
201727
201730
201761
201811
201922
201931
201934
202073
202131
202237
202522
202551
202556
202605
202618
202643
202657
202682
202719
202733
202774
202872
202874
202877
202895
202921
202948
202979
203018
203072
203165
203208
203299
203328
203342
203365
203376
203385
203411
203450
203488
203550
203629
203645
203705
203743
204007
204064
204080
204113
204165
204172
204216
204332
204351
204383
204394
204405
204409
204543
204567
204570
204666
204668
204772
204860
204886
204907
204943
204949
205002
205004
205026
205044
205234
205248
205300
205345
205400
205535
205619
205724
205863
205910
205968
205982
206159
206177
206234
206270
206287
206321
206344
206414
206420
206429
206438
206463
206468
206548
206566
206587
206591
206601
206613
206683
206703
206712
206784
206785
206908
206951
207015
207095
207153
207167
207187
207198
207231
207242
207354
207391
207451
207575
207576
207583
207632
207696
207700
207850
207855
207886
207887
207945
208060
208093
208143
208329
208355
208387
208414
208422
208466
208543
208648
208659
208663
208712
208790
208805
208816
208845
208847
208906
208950
208962
209055
209135
209155
209369
209431
209621
209671
209680
209692
209719
209795
209810
209834
209947
210061
210111
210139
210306
210325
210367
210436
210498
210604
210631
210712
210811
210915
210951
210958
210984
211085
211137
211193
211248
211274
211334
211445
211546
211594
211693
211700
211731
211774
211816
211890
211898
212074
212138
212204
212224
212315
212325
212362
212453
212859
212876
212906
212975
213057
213104
213152
213223
213359
213387
213395
213558
213559
213594
213770
213776
213813
213874
213927
214032
214224
214272
214703
214757
214886
214945
214952
215260
215308
215353
215354
215571
215582
215588
215602
215676
215704
215711
215718
215757
215777
215806
215846
216021
216241
216339
216450