28
288
553
680
1754
1893
1895
1898
2117
2125
2773
2775
2776
2777
2778
2780
2782
2792
2822
2851
2857
2861
3163
3209
3211
3214
3247
3271
3278
3320
3331
3337
3624
5401
5405
5409
5430
5501
5517
5520
5521
5539
5549
5605
6659
6666
6687
6695
6724
6733
6735
6751
6766
6786
6787
6805
6825
6833
6878
6900
8196
8204
8208
8222
8268
8292
8303
8319
8351
8354
8360
8365
8373
8375
8391
8405
8422
8454
8469
8481
8489
8495
8519
8520
8549
8560
8561
8569
8590
8638
8648
8649
8687
8731
8735
8741
8763
8767
8792
8793
8794
8804
8820
8823
8826
8859
8874
8875
8878
8879
8881
8885
8893
8899
8925
8937
8940
8956
8972
9007
9020
9022
9030
9033
9063
9066
9067
9083
9099
9132
9135
9136
9145
9163
9175
9182
9183
9188
9197
9211
12288
12291
12292
12298
12306
12312
12313
12316
12329
12331
12337
12348
12349
12355
12360
12371
12374
12379
12399
12404
12422
12431
12437
12440
12460
12466
12470
12480
12502
12510
12512
12546
12557
12571
12574
12579
12581
12586
12598
12610
12611
12625
12638
12643
12655
12657
12665
12676
12680
12693
12726
12731
12732
12748
12759
12808
12813
12816
12817
12830
12843
12853
12857
12886
12888
12894
12897
12898
12907
12915
12923
12931
12941
13010
13012
13020
13031
13039
13040
13043
13045
13054
13058
13083
13101
13115
13128
13130
13132
13135
13140
13148
13157
13167
13184
13187
13201
13233
13237
13246
13247
13251
13275
13282
13289
13301
15363
15366
15368
15372
15375
15388
15415
15434
15442
15446
15451
15456
15465
15479
15486
15492
15495
15499
15518
15540
15550
15580
15590
15594
15598
15613
15644
15657
15698
15702
15709
15717
15722
15725
15726
15731
15743
15763
15769
15790
15817
15844
15854
15866
15891
15894
15904
15925
15933
15943
15945
15960
15961
15968
15987
15996
16001
16017
16024
16072
16075
16084
16097
16107
16108
16148
16151
16188
16202
16205
16218
16277
16313
16316
16356
16358
16360
16365
16374
16378
20292
20488
20546
20561
20570
20572
20588
20594
20595
20621
20633
20640
20646
20647
20653
20676
20677
20686
20692
20694
20715
20717
20740
20755
20765
20768
20773
20775
20783
20791
20792
20795
20802
20805
20810
20825
20830
20849
20855
20880
20886
20899
20902
20918
20936
20980
20990
21026
21032
21044
21063
21080
21083
21150
21158
21161
21173
21180
21192
21197
21198
21207
21234
21235
21263
21336
21352
21355
21382
21385
21387
21413
21458
21461
21467
21473
21476
21499
21501
24581
24582
24590
24603
24606
24632
24635
24637
24639
24640
24657
24676
24679
24764
24766
24786
24833
24836
24840
24845
24861
24868
24898
24899
24900
24901
24902
24909
24926
24939
24940
24956
24961
24973
24978
24989
24993
25038
25039
25054
25058
25063
25068
25074
25081
25083
25102
25109
25115
25167
25220
25245
25254
25260
25276
25279
25291
25317
25325
25394
25411
25415
25419
25423
25432
25452
25481
25484
25486
25504
25516
25538
25560
25579
28674
28676
28693
28694
28701
28714
28731
28748
28753
28756
28759
28770
28801
28876
28879
28902
28918
28932
28940
28961
28979
29008
29010
29014
29018
29037
29042
29066
29088
29105
29108
29140
29141
29145
29178
29192
29224
29236
29239
29259
29298
29308
29316
29317
29341
29347
29358
29367
29373
29394
29404
29408
29413
29423
29471
29473
29484
29487
29488
29494
29505
29507
29510
29515
29532
29551
29562
29570
29624
29627
29658
29670
29682
29686
30083
30742
30766
30774
30787
30791
30800
30823
30825
30834
30915
30941
30962
31007
31010
31025
31049
31054
31055
31056
31078
31098
31100
31103
31142
31147
31168
31184
31186
31197
31243
31259
31276
31285
31315
31317
31333
31334
31348
31352
31371
31396
31399
31400
31438
31451
31481
31498
31517
31518
31521
31529
31530
31550
31572
31596
31607
31614
31671
31705
31722
31723
31735
33171
33806
33808
33811
33814
33824
33828
33832
33843
33846
33848
33873
33891
33896
33933
33940
33950
33956
33984
33988
34009
34011
34015
34031
34051
34086
34088
34103
34125
34127
34154
34156
34171
34172
34191
34193
34213
34219
34225
34240
34247
34256
34289
34308
34309
34372
34386
34396
34419
34432
34439
34440
34445
34452
34453
34455
34457
34460
34461
34520
34531
34548
34549
34564
34568
34591
34614
34624
34646
34685
34701
34722
34764
34788
34793
34807
34817
34834
34839
34868
34878
34895
34899
34906
34924
34928
34936
34953
34966
34972
34982
34997
35003
35039
35042
35044
35053
35061
35062
35065
35117
35151
35163
35170
35205
35207
35208
35227
35242
35244
35252
35258
35265
35292
35309
35321
35329
35366
35368
35388
35391
35515
35536
35537
35548
35607
35618
35657
35659
35675
35677
35679
35684
35704
35708
35710
35721
35724
35739
35746
35803
35833
38168
38914
38927
38938
38943
38948
38953
38988
38989
39018
39035
39063
39077
39083
39090
39100
39123
39138
39151
39170
39209
39218
39220
39225
39227
39257
39290
39291
39373
39378
39380
39441
39450
39519
39525
39538
39556
39614
39702
39705
39779
39788
39795
39828
39835
39892
39913
40967
40971
40976
40988
40999
41040
41078
41086
41108
41110
41139
41163
41167
41179
41213
41289
41293
41298
41307
41321
41365
41399
41412
41416
41431
41451
41457
41504
41514
41546
41585
41587
41637
41692
41698
41699
41700
41723
41731
41767
41776
41821
41886
41893
41926
41941
41948
41955
41961
41969
41981
41998
42008
42034
42035
42063
42102
42166
42184
42197
42215
42221
42249
42263
42274
42281
42290
42312
42335
42366
42390
42442
42464
42562
42596
42605
42652
42691
42698
42699
42730
42777
42821
42840
42856
42873
42879
42886
42931
42965
42969
42989
43033
43043
43066
43140
43150
43155
43186
43193
43241
43243
43252
43292
43304
43305
43329
43341
43353
43354
43397
43407
43450
43453
43455
43467
43503
43509
43524
43536
43566
43607
43617
43623
43701
43722
43729
43788
43847
43857
43868
43897
43902
43910
43911
43959
43978
43980
43992
44003
44017
44018
44023
44058
44064
44066
44076
44131
44152
44156
44177
44178
44180
44194
44207
44215
44225
44227
44229
44231
44273
44283
44298
44335
44339
44365
44404
44409
44414
44438
44458
44486
44496
44497
44499
44510
44545
44569
44599
44645
44656
44683
44700
44716
44780
44795
44819
44833
44880
44946
44949
44951
44972
44973
44974
44986
45012
45031
45034
45038
47108
47138
47195
47208
47215
47228
47261
47263
47274
47277
47279
47295
47297
47309
47340
47347
47368
47369
47372
47409
47432
47435
47447
47462
47487
47488
47491
47496
47518
47526
47536
47540
47610
47641
47661
47691
47696
47700
47706
47717
47751
47769
47777
47815
47826
47846
47865
47877
47878
47897
47906
47924
47937
47965
48039
48049
48062
48097
48111
48132
48139
48145
48152
48153
48154
48168
48173
48200
48269
48280
48284
48290
48295
48303
48314
48324
48328
48329
48344
48352
48360
48387
48425
48457
48483
48484
48519
48543
48545
48572
48582
48585
48596
48646
48777
48778
48785
48793
48821
48823
48824
48835
48918
48927
48951
49009
49024
49034
49081
49086
49092
49097
49130
49161
49166
49192
49220
49225
49234
49274
49275
49294
49296
49312
49321
49366
49435
49436
49459
49464
49473
49494
49499
49523
49552
49581
49585
49603
49609
49639
49651
49696
49697
49735
49739
49745
49756
49836
49855
49871
49885
49910
49933
49956
49957
50017
50030
50034
50050
50061
50064
50068
50076
50120
50145
50179
50189
50198
50216
50246
50307
50324
50332
50343
50372
50393
50395
50407
50436
50441
50455
50458
50462
50469
50472
50495
50508
50518
50524
50533
50566
50575
50595
50611
50621
50629
50642
50681
50696
50768
50800
50801
50824
50873
50905
50932
50943
50964
50965
50978
51022
51053
51057
51058
51061
51114
51127
51131
51137
51167
51169
51176
51191
51201
51202
51205
51215
51217
51224
51242
51324
51364
51378
51379
51396
51401
51402
51417
51483
51492
51496
51527
51531
51567
51576
51598
51671
51673
51699
51714
51720
51733
51795
51827
51834
51839
51861
51862
51871
51887
51895
51906
51922
51978
52001
52012
52038
52051
52088
52112
52113
52158
56357
56368
56381
56411
56440
56448
56505
56532
56567
56586
56636
56657
56719
56737
56748
56788
56801
56813
56863
56876
56890
56896
56912
56919
56942
56948
56984
56997
57037
57089
57094
57115
57137
57154
57183
57190
57222
57224
57243
57282
57317
57328
57338
57342
57345
57353
57358
57376
57395
57399
57407
57433
57437
57481
57533
57537
57548
57555
57575
57607
57618
57632
57648
57667
57684
57739
57769
57780
57802
57821
57837
57838
57891
57892
57911
57969
58010
58015
58069
58087
58092
58106
58129
58132
58145
58149
58206
58209
58211
58212
58234
58243
58265
58323
58329
58346
59411
59437
59474
59507
59552
59567
59568
59570
59592
59645
59675
59710
59716
59745
59752
59775
59780
59785
59790
59819
59822
59843
59845
59881
59921
59965
59971
59991
60003
60020
60044
60063
60069
60123
60128
60150
60164
60167
60169
60175
60181
60209
60211
60235
60253
60254
60264
60272
60294
60295
60305
60307
60316
60344
60345
60351
60380
60393
60400
60417
60454
60461
60480
60481
60522
60538
60550
60571
60576
60629
60664
60669
60689
60729
60767
60774
60776
60789
60799
60802
60824
60845
60926
60948
60955
60979
60991
60997
61028
61038
61063
61083
61142
61153
61157
61183
61218
61244
61266
61273
61303
61310
61333
61343
61352
61374
61377
61381
61407
61415
61430
61955
61967
61969
61987
62023
62028
62075
62078
62086
62087
62109
62193
62204
62253
62269
62270
62291
62297
62310
62336
62338
62341
62354
62359
62365
62387
62396
62407
62434
62454
62460
64396
64427
64446
64475
133924
135492
136264
136767
139321
196608
196609
196610
196612
196616
196624
196636
196694
196714
196731
196763
196819
196870
196922
196932
196954
196968
197008
197063
197071
197095
197157
197160
197164
197208
197242
197252
197269
197297
197334
197347
197365
197434
197435
197438
197469
197473
197477
197491
197509
197524
197539
197540
197549
197558
197593
197614
197637
197639
197641
197659
197711
197729
197745
197759
197762
197777
197782
197803
197814
197874
197885
197890
197909
197915
197932
197938
197965
197975
197990
198016
198018
198022
198041
198047
198116
198119
198139
198145
198160
198196
198205
198218
198225
198264
198287
198296
198311
198315
198333
198435
198444
198453
198506
198533
198570
198571
198573
198582
198584
198672
198673
198678
198680
198703
198710
198726
198745
198775
198807
198818
198870
198889
198893
198904
198913
198930
198939
198956
198967
198983
198996
199033
199056
199079
199086
199090
199104
199114
199118
199121
199144
199163
199241
199271
199284
199294
199306
199354
199414
199421
199438
199471
199476
199488
199563
199574
199578
199597
199610
199644
199645
199679
199681
199703
199725
199753
199786
199789
199801
199822
199876
199877
199880
199912
199918
199928
199938
199960
199963
199982
200003
200062
200081
200086
200093
200109
200117
200119
200183
200187
200207
200209
200220
200225
200229
200230
200237
200238
200242
200249
200258
200275
200278
200291
200297
200303
200319
200372
200373
200374
200377
200386
200392
200393
200395
200397
200402
200423
200439
200461
200462
200465
200482
200486
200490
200491
200512
200517
200519
200520
200527
200548
200561
200567
200576
200599
200603
200605
200615
200638
200657
200667
200703
200715
200718
200735
200739
200757
200768
200770
200776
200777
200779
200797
200801
200825
200846
200856
200916
200921
200924
200931
200941
200943
200975
200978
201010
201011
201014
201026
201035
201059
201066
201142
201157
201173
201203
201206
201208
201213
201222
201257
201284
201291
201299
201318
201339
201370
201377
201396
201399
201410
201438
201463
201491
201492
201526
201530
201537
201543
201545
201560
201561
201600
201609
201652
201672
201681
201685
201698
201701
201709
201729
201734
201764
201779
201785
201807
201809
201829
201832
201840
201856
201878
201886
201901
201917
201955
201962
201963
202040
202046
202077
202108
202113
202167
202182
202186
202195
202208
202217
202238
202245
202252
202278
202283
202284
202285
202298
202329
202333
202343
202351
202373
202401
202409
202435
202462
202499
202524
202526
202539
202560
202566
202577
202579
202584
202592
202661
202680
202693
202694
202698
202701
202702
202707
202716
202729
202730
202731
202739
202741
202784
202789
202810
202815
202847
202851
202878
202926
202929
202941
202946
202957
203005
203015
203017
203022
203038
203043
203045
203046
203078
203080
203085
203123
203132
203155
203175
203196
203207
203215
203224
203226
203228
203269
203278
203293
203325
203329
203333
203341
203347
203412
203420
203427
203437
203440
203441
203478
203490
203507
203520
203524
203526
203536
203546
203560
203584
203592
203593
203604
203617
203621
203642
203692
203696
203700
203703
203724
203759
203761
203777
203792
203819
203829
203833
203836
203838
203853
203854
203865
203881
203889
203894
203924
203947
203965
203968
203983
203986
203994
204003
204008
204010
204028
204033
204034
204035
204038
204052
204053
204061
204065
204073
204093
204109
204110
204116
204119
204127
204135
204138
204146
204147
204155
204181
204188
204195
204201
204218
204227
204233
204243
204250
204252
204253
204254
204296
204308
204310
204320
204349
204368
204400
204443
204445
204449
204451
204480
204481
204487
204506
204512
204527
204591
204612
204625
204636
204646
204663
204672
204673
204676
204680
204681
204682
204702
204704
204723
204724
204750
204786
204796
204867
204877
204881
204883
204911
204913
204924
204942
204965
204977
204989
205020
205033
205037
205042
205046
205050
205094
205100
205103
205112
205115
205117
205137
205154
205159
205165
205184
205214
205240
205249
205272
205287
205291
205310
205321
205356
205365
205366
205376
205382
205388
205390
205411
205425
205426
205427
205435
205453
205477
205487
205496
205497
205505
205511
205519
205529
205530
205542
205543
205571
205582
205597
205612
205614
205627
205632
205660
205661
205666
205675
205691
205700
205703
205723
205736
205740
205741
205758
205764
205766
205769
205785
205790
205791
205802
205806
205807
205818
205831
205843
205844
205848
205854
205867
205868
205869
205881
205887
205890
205908
205931
205948
205969
205970
205973
206028
206063
206075
206080
206131
206138
206141
206149
206161
206167
206172
206196
206211
206231
206236
206240
206253
206266
206272
206274
206277
206285
206293
206303
206313
206339
206341
206356
206374
206384
206394
206423
206437
206441
206452
206470
206480
206497
206506
206545
206549
206551
206555
206564
206578
206583
206597
206618
206620
206659
206727
206740
206742
206761
206775
206780
206813
206825
206834
206835
206855
206872
206880
206899
206906
206915
206917
206936
206946
206970
206978
206990
206996
207010
207048
207053
207061
207077
207079
207082
207110
207111
207116
207126
207130
207139
207160
207180
207196
207197
207210
207234
207243
207248
207252
207253
207262
207277
207278
207289
207297
207298
207302
207309
207327
207334
207364
207404
207407
207408
207411
207436
207455
207460
207481
207486
207491
207498
207499
207503
207510
207530
207535
207570
207572
207580
207584
207592
207596
207597
207611
207613
207622
207626
207630
207654
207678
207686
207695
207706
207707
207716
207720
207721
207732
207741
207749
207775
207776
207781
207790
207792
207793
207834
207871
207878
207882
207888
207902
207908
207918
207921
207926
207939
207943
207946
207959
207961
207968
207999
208013
208015
208016
208025
208028
208050
208054
208058
208059
208089
208101
208106
208134
208135
208146
208151
208162
208163
208169
208175
208183
208187
208203
208204
208206
208208
208218
208228
208230
208235
208236
208238
208250
208262
208290
208301
208321
208340
208342
208366
208372
208395
208431
208434
208438
208444
208451
208452
208454
208460
208462
208463
208470
208474
208477
208480
208484
208488
208498
208500
208508
208509
208513
208517
208527
208545
208546
208549
208559
208562
208571
208582
208606
208614
208633
208644
208653
208658
208665
208676
208681
208694
208696
208702
208709
208713
208727
208733
208743
208758
208759
208763
208766
208772
208814
208818
208819
208840
208843
208849
208854
208868
208875
208878
208887
208924
208927
208929
208958
208964
208967
208968
208974
208976
208982
208985
208988
208989
208994
209014
209039
209040
209044
209056
209074
209081
209093
209110
209114
209122
209148
209149
209164
209169
209185
209216
209224
209232
209247
209257
209264
209270
209282
209322
209335
209347
209350
209379
209400
209405
209419
209427
209432
209467
209480
209499
209509
209530
209545
209551
209569
209585
209598
209610
209620
209623
209673
209689
209707
209715
209724
209729
209740
209744
209745
209781
209784
209793
209800
209824
209830
209844
209846
209859
209877
209891
209894
209915
209917
209935
209943
209949
209953
209979
209981
209991
210023
210029
210035
210044
210070
210098
210106
210120
210122
210127
210143
210168
210173
210183
210198
210199
210214
210217
210222
210226
210236
210249
210251
210261
210274
210285
210286
210298
210303
210304
210326
210333
210336
210351
210397
210424
210428
210430
210437
210446
210463
210482
210489
210496
210521
210522
210544
210545
210558
210561
210570
210577
210582
210585
210586
210589
210596
210617
210633
210653
210696
210701
210711
210729
210759
210780
210785
210793
210795
210803
210804
210809
210819
210833
210849
210860
210887
210888
210908
210909
210916
210922
210937
210941
210967
210969
211007
211023
211026
211030
211069
211075
211083
211088
211095
211115
211144
211161
211170
211179
211187
211207
211255
211280
211286
211292
211296
211301
211319
211331
211337
211357
211364
211417
211428
211429
211447
211479
211483
211488
211498
211507
211525
211536
211547
211568
211573
211574
211579
211581
211586
211600
211622
211626
211635
211643
211645
211646
211651
211656
211657
211660
211662
211664
211671
211688
211690
211710
211727
211737
211751
211752
211768
211784
211800
211820
211823
211873
211897
211907
211909
211920
211939
211941
211958
211972
211975
212026
212033
212038
212039
212044
212049
212057
212060
212085
212091
212103
212120
212137
212148
212168
212179
212181
212185
212209
212215
212225
212226
212228
212239
212245
212246
212257
212267
212284
212290
212297
212302
212317
212320
212322
212340
212341
212367
212382
212403
212412
212415
212440
212455
212472
212495
212509
212519
212520
212522
212567
212582
212583
212586
212587
212592
212594
212596
212603
212613
212647
212672
212674
212678
212688
212691
212693
212710
212723
212737
212739
212744
212745
212746
212779
212794
212795
212799
212820
212824
212858
212864
212871
212886
212894
212895
212924
212930
212943
212952
212961
212966
212973
212989
213003
213027
213033
213049
213056
213062
213064
213068
213087
213097
213106
213118
213125
213126
213140
213141
213151
213162
213171
213200
213204
213209
213211
213213
213230
213237
213238
213242
213249
213250
213251
213273
213275
213276
213280
213281
213283
213297
213299
213300
213305
213312
213314
213319
213330
213335
213341
213342
213353
213358
213386
213392
213396
213408
213416
213422
213423
213425
213426
213449
213450
213472
213484
213490
213491
213492
213512
213518
213527
213554
213566
213569
213579
213587
213589
213611
213641
213648
213651
213674
213718
213720
213721
213726
213731
213735
213736
213740
213741
213748
213764
213768
213792
213815
213836
213842
213850
213851
213915
213925
213928
213939
213973
213985
213986
213997
214002
214014
214019
214020
214068
214093
214101
214104
214106
214131
214138
214181
214187
214191
214194
214197
214223
214239
214243
214253
214266
214278
214289
214292
214312
214316
214319
214339
214389
214398
214401
214403
214405
214410
214421
214428
214450
214459
214464
214493
214513
214517
214533
214554
214556
214568
214580
214585
214591
214603
214622
214626
214628
214646
214651
214684
214753
214771
214778
214784
214792
214801
214827
214840
214844
214865
214892
214895
214900
214915
214928
214932
214944
214947
214953
214958
214960
214971
214985
214992
214996
214997
214999
215004
215010
215034
215051
215061
215064
215080
215134
215147
215163
215185
215197
215218
215236
215245
215250
215258
215275
215282
215293
215310
215338
215341
215344
215357
215365
215372
215375
215389
215398
215400
215407
215412
215431
215444
215458
215459
215466
215482
215485
215491
215500
215504
215509
215517
215518
215544
215547
215550
215556
215561
215562
215563
215569
215576
215606
215641
215649
215653
215658
215665
215681
215685
215717
215738
215744
215756
215770
215774
215775
215778
215787
215792
215797
215820
215828
215835
215837
215838
215849
215859
215866
215876
215879
215960
215986
215987
215992
215996
216063
216065
216067
216078
216079
216081
216094
216114
216134
216143
216150
216152
216168
216176
216188
216197
216219
216233
216260
216262
216267
216277
216282
216295
216296
216330
216331
216333
216351
216367
216387
216390
216401
216403
216404
216427
216451
216459
216466
216474