692
2109
2603
3240
3272
3292
3321
3342
5491
5599
5624
6785
6811
6834
8273
8322
8502
8526
8989
9120
9158
9171
12483
12617
12834
13057
15411
15423
15459
15516
15687
15849
16095
16245
20618
20681
20984
21060
21456
21465
24584
24800
24853
24969
25111
25352
25384
28717
28826
29100
29139
29156
29266
29331
29542
30736
30772
31027
31130
31131
31590
31709
33796
33916
34027
34165
34482
34506
34670
34705
34848
34932
35028
35033
35127
35158
35376
35589
35637
35678
35789
35817
39026
39500
39554
39590
39642
39672
39839
39880
41014
41016
41076
41240
41306
41629
41707
41741
41746
41795
42236
42355
42418
42525
42541
42553
42638
42659
42686
42697
42789
42876
42903
43088
43167
43196
43220
43337
43557
43790
43806
43869
43986
44134
44328
44338
44398
44433
44508
44803
44869
45024
45032
47173
47198
47199
47249
47289
47292
47304
47454
47501
47527
47715
47765
48288
48374
48564
48726
48805
48854
49010
49051
49309
49362
49417
49475
49514
49522
49630
49930
49974
50021
50134
50323
50346
50364
50457
50490
50630
50708
50757
50783
51000
51008
51049
51073
51251
51377
51432
51468
51482
51510
51595
51608
56496
57020
57030
57087
57189
57247
57347
57720
57735
57736
57819
57860
57915
58111
58282
59469
59626
59700
59701
59979
60111
60153
60166
60247
60422
60751
60794
60876
60958
61032
61128
61253
61298
61397
62090
62113
62121
62138
62209
62210
62319
62324
64408
196724
196827
196976
196997
197123
197190
197288
197301
197317
197493
197495
197601
197660
198141
198194
198206
198275
198391
198452
198455
198473
198530
198531
198608
198614
198622
198631
198660
198794
198886
198901
198903
198944
199004
199041
199135
199175
199213
199289
199374
199545
199718
199769
199773
199795
199848
199988
200145
200292
200538
200611
200626
200629
200894
200963
200997
201078
201130
201455
201503
201505
201595
201697
201720
201738
201889
201911
201912
201960
202031
202361
202377
202567
202816
202892
202914
203243
203250
203288
203327
203570
203581
203644
203646
203825
203953
204032
204141
204151
204171
204274
204290
204420
204425
204575
204607
204652
204793
204866
204920
204922
204988
205000
205116
205144
205206
205235
205452
205510
205662
205721
205742
205760
205793
205805
205846
205882
205979
205984
206079
206082
206139
206157
206418
206464
206513
206517
206554
206574
206606
206612
206624
206636
206749
206898
206901
206920
206941
207017
207035
207199
207247
207316
207355
207533
207603
207727
207818
207934
208039
208237
208292
208310
208327
208377
208391
208551
208647
208741
208918
209118
209125
209291
209327
209381
209424
209528
209770
209900
209959
210010
210031
210149
210210
210322
210359
210418
210465
210731
210792
210939
210952
210971
210972
211040
211153
211418
211457
211593
211628
211630
211633
211676
211783
211892
212045
212050
212055
212354
212428
212543
212736
212991
213032
213054
213066
213214
213320
213693
214233
214629
214866
214875
214902
214904
214980
214983
215052
215054
215095
215465
215541
215686
215782
215874
216230
216275
216284
216298
216313
216393
216433