6400
12066
27824
27847
27887
27896
27991
28045
28053
28115
28118
46198
52412
52471
61477
64125
64126
64134
64153
64156
64168
207036
262148
262178
262221
262247
262931
263212
263216
263689
263723
263730
263748
264605
264750
264817
264821
265695
265721
265742
266709
266730
266734
266798
266815
267700
267705
267838
267845
267846
267853
267862
267896
269816
269868
269908
269921
269931
269950
269965
269983
270098
270107
271799
271804
271806
271808
271819
271834
271898
271916
271930
271931
271932
271934
271935
271940
271942
271943
271945
271950
271956
271959
271965
271968
271978
271979
271982
271988
271989
271996
272011
272015
272027
272040
272054
272055
272057
272069
272070
272073
272082
272083
272091
272095
272110
272112
272120
272123
272132
272138
272148
272149
272797
272798
272804
272807
272813
272822
272831
272867
272868
272882
272886
272887
272899
272906
272908
272911
272935
272943
272960
272962
272971
272980
272985
273009
273048
273070
273089
273113
273121
273157
273158
273162
273180
273198
273199
273217
273220
273224
273230
273231
273235
273242
273824
273836
273838
273844
273861
273864
273866
273867
273901
273902
273909
273917
273924
273925
273927
273937
273948
273954
273960
273961
273964
273967
273975
273982
274027
274035
274037
274040
274048
274052
274068
274069
274070
274072
274078
274084
274089
274091
274093
274095
274104
274105
274107
274123
274129
274130
274153
274157
274159
274167
274168