2277
7315
14420
14522
19114
19169
19582
22724
23031
23216
23487
26600
26613
27668
27738
27740
27757
27784
27814
27820
27841
27844
27902
27919
27947
27948
27958
27968
27998
28006
28011
28021
28025
28027
28041
28058
28097
52238
52257
52274
52331
52343
52345
52377
52417
52458
52466
52482
52483
61468
64110
64133
64169
262154
262157
262169
262212
262223
262257
263174
263238
263243
263245
263738
263792
263805
264668
264717
264744
264746
264788
264801
264824
264825
264826
264836
264841
264851
265629
265632
265657
265677
265711
265724
265734
265762
265775
265787
265799
265815
265838
265863
266664
266667
266672
266676
266679
266681
266728
266756
266783
266790
266802
266812
266834
266839
266856
266867
266880
266894
266904
267684
267699
267756
267778
267787
267849
267881
267907
267916
267924
267931
269728
269756
269761
269789
269790
269791
269792
269799
269805
269806
269825
269831
269838
269842
269844
269848
269852
269853
269935
269936
269941
269953
269955
269992
270009
270016
270049
270071
270074
270084
270085
270092
270095
270100
270104
271785
271795
271821
271822
271837
271840
271873
271874
271882
271911
271919
271923
271929
271933
271936
271941
271967
271975
271977
271983
272019
272032
272034
272067
272074
272075
272080
272094
272097
272101
272121
272140
272147
272808
272811
272817
272819
272823
272827
272863
272877
272880
272883
272889
272890
272910
272914
272936
272939
272954
272966
272972
272998
272999
273003
273017
273034
273035
273040
273068
273072
273079
273081
273098
273123
273127
273140
273141
273142
273163
273167
273177
273190
273195
273196
273219
273229
273233
273826
273832
273839
273855
273858
273877
273883
273921
273923
273944
273951
273966
274004
274053
274055
274063
274083
274090
274106
274114
274134
274144