2586
2876
3130
3204
3221
3249
3332
3920
3927
3970
4128
5608
8240
8728
8756
9204
12293
12757
13272
16014
16255
20948
21147
24984
31081
31365
31605
34702
34729
35713
39038
39632
39755
39823
41909
42012
42016
42300
42380
42472
42474
43682
43881
43883
43937
43958
43993
44794
44839
44929
47105
47294
47416
47525
47713
47736
48539
48924
49191
49512
49604
50535
50747
50794
51103
51349
51504
56421
56588
57063
57196
57201
57873
59435
59725
59753
60320
60415
60608
61189
61254
61307
61313
61328
62005
62024
62212
62248
62303
62406
64451
64467
196743
196785
197060
197289
197517
197611
198006
198068
198379
198632
198702
198776
198966
199328
199800
199867
200804
200989
201273
201601
201906
202063
202376
202480
202502
202635
202652
202759
203021
203065
203081
203311
203701
203834
203906
203973
204072
204411
204472
204537
204595
204671
204888
205059
205346
205504
205646
205696
205930
205950
206151
206714
206804
206844
207037
207254
207293
207522
207568
207800
207819
207872
208076
208283
208338
208367
208401
208440
208446
208550
208673
208832
208834
209153
209537
209554
209587
209798
209842
209916
210002
210009
210283
210284
210302
210434
210464
210661
210671
210734
210978
211156
211230
211328
211451
211494
211924
212159
212649
213172
213410
213459
213614
213627
213757
214132
214246
214279
214322
214369
214413
214467
214487
214693
214712
214776
214790
214919
214976
215447
215467
215709
215955
216263
216311
216408