2561
6127
6879
8452
8524
15475
20858
20928
24736
24835
24863
24878
24987
25364
25576
29428
30993
30995
31065
31619
33777
33778
33782
33785
33789
36870
36885
36906
36929
36935
36971
36978
36990
36992
37003
37031
37066
37069
37091
37112
37191
37193
37250
37252
37279
37339
37348
37437
37444
37583
37585
37664
37726
37728
207740
327838
327846
328011
328052
328062
328067
328105
328299
328308
328405
328430
328484
328553
328587
328629
328645
328654
328762
328786
328794
328876
328927
328969
328972
329003
329114
329131
329132
329325
329336
329352
329358
329359
329397
329431
329520