711
766
2114
2134
2606
3262
3273
3324
3339
3348
3352
5505
6739
6750
6813
6895
8216
8239
8311
8318
8637
8903
9052
9075
9094
9165
9192
12319
12321
12334
12338
12357
12367
12386
12430
12462
12479
12521
12540
12541
12569
12715
12924
12946
12956
13041
13137
13186
13195
13287
15364
15450
15488
15548
15608
15616
15630
15633
15699
15704
15711
15734
15810
15915
15919
15937
15954
16003
16030
16039
16085
16091
16134
16153
16168
16203
16206
16299
16338
16371
16373
16383
20693
20718
20748
20760
20784
20815
20838
20869
20905
20906
20921
20973
21009
21057
21193
21208
21364
24580
24592
24624
24654
24772
24799
24830
24920
24983
25247
25259
25261
25267
25285
25297
25354
25356
25363
25412
25479
25487
25508
25544
25589
28935
28971
29109
29117
29119
29231
29269
29337
29397
29464
29481
29612
29661
29680
30846
30892
30937
30939
31082
31164
31249
31262
31332
31346
31418
31428
31479
31577
31627
31653
33932
34114
34285
34471
34511
34696
34760
34952
34977
35116
35153
35167
35171
35264
35394
35404
35454
35461
35486
35699
35700
39020
39069
39141
39144
39155
39263
39281
39316
39328
39339
39353
39398
39447
39536
39551
39639
39640
39691
39738
39744
39780
39827
39831
39838
40973
40996
41072
41074
41287
41343
41368
41397
41418
41531
41541
41558
41608
41705
41721
41876
41994
42006
42130
42147
42211
42212
42220
42229
42241
42325
42329
42386
42435
42493
42612
42666
42722
42749
42816
42820
42947
42976
43115
43160
43388
43402
43419
43520
43578
43618
43655
43697
43707
43747
43833
43885
43919
43926
44051
44127
44188
44233
44278
44280
44293
44431
44466
44585
44588
44593
44707
44717
44762
44916
44989
44998
45037
47164
47209
47312
47380
47507
47683
47756
47806
48020
48040
48048
48066
48146
48187
48202
48221
48341
48348
48427
48569
48624
48640
48697
48846
48864
48868
48884
48952
48958
48990
49000
49008
49054
49118
49173
49178
49212
49353
49388
49493
49538
49576
49600
49629
49635
49638
49650
49835
49851
49928
49934
49940
50129
50146
50235
50335
50429
50563
50564
50573
50715
50816
50926
50974
50977
51007
51105
51151
51152
51223
51294
51330
51362
51415
51457
51487
51555
51621
51662
51676
51678
51681
51718
51753
51773
51984
52122
56345
56422
56551
56571
56697
56710
56732
56822
56882
56909
56924
56958
56986
56989
57074
57117
57140
57229
57236
57269
57286
57337
57365
57542
57656
57677
57910
57929
57970
57979
58128
58233
58327
58345
59403
59432
59499
59631
59723
59739
59772
59885
59908
59926
60076
60080
60082
60134
60171
60203
60267
60273
60314
60397
60458
60488
60493
60494
60508
60551
60609
60667
60675
60682
60685
60711
60807
60813
60917
60987
61090
61181
61388
61401
61408
61953
62033
62043
62055
62064
62080
62104
62235
62236
62332
62352
62376
62409
62412
64397
64411
134386
196713
196816
196842
197077
197100
197183
197240
197267
197397
197478
197483
197518
197606
197649
197712
197722
197772
197795
197829
197876
197927
197991
198066
198096
198144
198153
198192
198193
198198
198270
198355
198404
198411
198432
198454
198479
198697
198731
198760
198853
198871
198878
198885
198934
198968
199134
199143
199171
199195
199223
199226
199272
199290
199312
199329
199359
199380
199434
199435
199474
199478
199482
199496
199531
199581
199589
199603
199611
199640
199652
199704
199736
199738
199760
199770
199772
199841
199853
199889
199904
199905
199913
199919
199923
199930
199949
199952
199976
200014
200030
200064
200072
200165
200171
200208
200270
200290
200320
200336
200359
200380
200387
200407
200421
200434
200481
200509
200518
200521
200555
200595
200661
200669
200695
200738
200773
200793
200810
200811
200845
200892
200908
200937
200956
200960
200992
201099
201105
201109
201121
201152
201234
201337
201343
201346
201359
201426
201446
201453
201466
201500
201553
201619
201704
201705
201732
201735
201746
201748
201843
201942
201976
202005
202025
202047
202054
202097
202125
202158
202169
202205
202207
202210
202211
202222
202227
202305
202330
202334
202345
202349
202352
202367
202375
202384
202421
202440
202471
202484
202491
202503
202513
202531
202550
202565
202583
202603
202608
202609
202636
202654
202658
202673
202686
202743
202754
202766
202767
202813
202814
202817
202825
202829
202841
202844
202853
202883
202913
202915
202997
203012
203047
203051
203068
203099
203115
203119
203161
203178
203183
203187
203212
203244
203277
203280
203292
203324
203404
203457
203499
203503
203537
203600
203603
203614
203641
203709
203712
203751
203835
203934
203935
203936
203978
204004
204042
204062
204114
204133
204143
204166
204175
204189
204234
204286
204303
204347
204364
204369
204396
204488
204513
204542
204555
204556
204557
204563
204581
204602
204621
204628
204629
204643
204654
204667
204683
204695
204705
204741
204748
204758
204773
204774
204810
204811
204817
204845
204854
204858
204861
204884
204993
204998
205057
205081
205086
205093
205113
205170
205174
205179
205191
205193
205223
205241
205262
205270
205279
205289
205295
205327
205334
205341
205375
205386
205408
205446
205456
205457
205499
205501
205506
205518
205572
205575
205580
205596
205624
205645
205694
205697
205715
205718
205744
205792
205796
205823
205827
205836
205898
205981
206041
206043
206046
206077
206089
206101
206102
206109
206124
206183
206189
206195
206215
206265
206268
206276
206280
206318
206366
206404
206430
206451
206481
206487
206488
206496
206524
206565
206602
206642
206657
206702
206752
206757
206772
206807
206818
206826
206828
206830
206833
206837
206853
206863
206866
206882
206886
206930
206945
206954
207008
207026
207030
207040
207046
207050
207058
207060
207122
207136
207174
207185
207191
207286
207294
207336
207363
207367
207399
207405
207412
207415
207495
207527
207579
207614
207628
207702
207714
207717
207747
207815
207904
207906
207915
207923
207944
207974
207975
207987
208027
208036
208070
208103
208109
208170
208196
208222
208248
208253
208257
208265
208269
208288
208297
208313
208351
208455
208486
208497
208528
208569
208572
208586
208591
208596
208597
208616
208619
208635
208695
208726
208735
208738
208767
208769
208823
208824
208863
208888
208897
208909
208910
208925
208928
208931
208939
209023
209031
209087
209143
209170
209190
209195
209202
209235
209259
209265
209281
209287
209311
209344
209365
209370
209386
209478
209492
209521
209535
209543
209581
209589
209618
209662
209672
209674
209688
209690
209703
209774
209776
209791
209803
209826
209835
209855
209879
209906
209909
209910
209919
209923
209984
210007
210048
210055
210072
210086
210102
210112
210121
210123
210148
210158
210181
210219
210230
210257
210319
210321
210350
210355
210395
210423
210439
210469
210472
210505
210593
210605
210610
210612
210622
210670
210692
210741
210771
210790
210791
210847
210876
210904
210944
210995
211012
211033
211074
211141
211216
211261
211262
211300
211320
211345
211348
211359
211361
211402
211441
211471
211475
211554
211580
211596
211650
211653
211654
211695
211699
211717
211798
211808
211811
211874
211902
211959
211962
211969
211974
212008
212017
212052
212059
212078
212087
212096
212097
212107
212116
212117
212139
212178
212186
212190
212230
212235
212332
212356
212377
212420
212450
212458
212462
212536
212564
212578
212714
212721
212755
212763
212812
212830
212833
212849
212861
212862
212866
212900
212918
212932
212941
212942
212957
212963
212988
212998
213005
213006
213031
213091
213138
213153
213177
213193
213336
213362
213399
213475
213556
213600
213686
213716
213742
213825
213899
213909
213942
213950
213964
214007
214043
214080
214089
214103
214110
214113
214123
214136
214153
214248
214286
214340
214440
214470
214522
214532
214550
214636
214662
214678
214779
214782
214855
214859
214930
214954
215015
215018
215029
215133
215199
215203
215235
215298
215317
215334
215424
215488
215573
215627
215656
215691
215693
215736
215764
215856
215869
215894
215927
215957
216003
216015
216016
216034
216060
216072
216135
216171
216371
216392