375
565
719
790
1738
1741
1759
1780
1926
2017
2026
3222
3238
3274
5411
5420
5469
5487
5515
5575
6667
6781
6793
6852
8145
8236
8275
8624
8829
8983
12330
12582
12630
12659
12712
13170
13276
15424
15496
16023
16048
16086
16228
16302
16331
20494
20542
20569
20571
20798
20904
21348
21490
24713
24714
24751
24752
25033
25213
25391
28723
28883
29093
29132
29150
29154
29240
29243
29282
29293
29422
29432
29601
30754
30759
30798
30978
31389
31639
33801
33935
34263
34273
34384
34387
34414
34484
34541
34801
35175
39098
39194
39242
39278
39287
39324
39484
39662
39665
39699
39784
39857
41194
41242
41369
41561
41581
41648
41666
41701
41747
41785
41993
42122
42252
42343
42540
42621
42885
42977
43016
43024
43161
43499
43558
43692
43792
44146
44506
45010
47605
47732
47983
48156
48299
48346
48618
48755
49059
49189
49282
49283
49397
49422
49430
49670
49762
49826
49866
50154
50290
50296
50377
50503
50585
50603
51161
51164
51188
51311
51319
51473
51571
51691
51726
51728
51765
51935
51941
52004
52056
52121
52170
56520
56900
57066
57313
57359
57390
57664
57692
57732
58003
58340
59397
59650
60109
60116
60156
60354
60414
60616
60846
60869
60903
60937
60970
61074
61177
61210
61340
61395
61990
62022
62194
62254
62357
196655
197032
197115
197930
198020
198024
198118
198243
198443
198514
198737
198859
198936
199087
199122
199231
199480
199486
199508
200087
200134
200444
200610
200630
200656
200696
200711
200891
200905
200996
201006
201057
201139
201166
201172
201271
201557
201587
201599
201692
201750
201964
201991
202049
202053
202180
202246
202407
202426
202509
202677
203003
203034
203195
203296
203373
203486
203602
203609
203817
203871
203875
203940
204002
204088
204129
204341
204452
204609
204779
204937
204954
205069
205250
205449
205709
206125
206175
206364
206381
206520
206860
206927
207003
207006
207038
207041
207065
207178
207202
207261
207265
207282
207306
207390
207425
207509
207670
207729
207797
207880
208272
208281
208599
208722
208987
209020
209091
209123
209299
209325
209378
209457
209633
209682
209875
210167
210180
210252
210536
210592
210722
211135
211206
211215
211368
211370
211599
211696
211722
211770
211799
211848
211929
211989
212386
212497
212574
212664
212881
212916
213070
213269
213468
213524
213547
213689
213879
214044
214100
214288
214353
214692
214809
215605
215629
215722
215776
216002
216421