886
887
2027
2200
2278
2279
2280
2281
2282
2283
2284
2285
2286
2287
2288
2289
2290
2291
2292
2293
2294
2295
2296
2297
2298
2299
2300
2301
2302
2303
2304
2305
2306
2307
2308
2309
2340
2341
2342
2343
2344
2345
2346
2347
2348
2349
2370
2371
2372
2373
2374
2375
2376
2377
2481
2482
2483
2484
2485
2486
2917
3196
3215
3256
3259
3294
3295
3296
3297
3298
3299
3305
5410
5436
5511
5583
5630
6738
8218
8228
8255
8304
8309
8310
8352
8361
8362
8399
8487
8528
8554
8565
8635
8677
8723
8784
8839
8891
8908
8921
8975
8999
9003
9036
9089
9149
9159
9168
9180
12318
12322
12362
12395
12409
12472
12516
12523
12536
12565
12566
12601
12626
12629
12645
12664
12670
12696
12727
12771
12801
12807
12811
12826
12844
12876
13001
13013
13014
13034
13193
13223
13273
14489
15401
15422
15436
15489
15543
15557
15674
15681
15826
15829
15846
15847
15890
16028
16057
16071
16073
16077
16080
16101
16128
16136
16140
16189
16211
16236
16254
16276
16347
16363
20493
20529
20541
20565
20585
20617
20672
20675
20756
20766
20824
20900
20917
20926
20986
20989
20994
21000
21033
21070
21093
21094
21137
21203
21212
21247
21272
21304
21319
21349
21409
21502
21538
24600
24711
24763
24776
24843
24904
24935
24954
24990
25009
25057
25113
25117
25186
25215
25286
25358
25426
25540
25593
28708
28768
28774
28855
29057
29075
29092
29104
29110
29137
29152
29169
29199
29246
29264
29283
29301
29322
29326
29372
29447
29513
29605
29608
29679
29774
30741
30761
30781
30801
30839
30889
30907
30919
30972
31104
31132
31167
31178
31180
31216
31221
31235
31328
31367
31375
31450
31555
31561
31564
31576
31629
31635
31660
31688
31693
31697
33392
33835
33930
33945
34000
34002
34006
34019
34173
34177
34197
34235
34383
34391
34422
34433
34444
34493
34510
34534
34536
34542
34572
34659
34704
34727
34749
34752
34761
34774
34783
34809
34860
34863
34913
34948
34949
34958
34970
34973
34980
34993
35009
35012
35070
35075
35077
35085
35101
35152
35169
35184
35189
35217
35238
35280
35283
35300
35315
35330
35334
35344
35353
35393
35426
35453
35482
35540
35600
35616
35625
35632
35655
35661
35665
35667
35676
35717
35798
36511
38926
39005
39053
39072
39079
39086
39091
39104
39162
39176
39180
39241
39271
39286
39305
39405
39421
39444
39473
39480
39495
39506
39509
39534
39542
39567
39583
39605
39634
39694
39723
39771
39781
39792
39801
39830
39847
39886
39899
39931
41044
41045
41064
41090
41114
41128
41157
41191
41233
41272
41291
41332
41334
41370
41405
41410
41459
41473
41524
41526
41605
41628
41652
41653
41690
41728
41765
41770
41788
41863
41894
41935
42064
42096
42117
42208
42258
42275
42349
42356
42363
42369
42392
42449
42456
42467
42487
42609
42630
42687
42795
42811
42845
42924
42929
42970
43090
43100
43121
43142
43174
43249
43271
43311
43342
43347
43424
43436
43445
43458
43460
43531
43532
43573
43619
43635
43646
43698
43702
43717
43734
43751
43759
43763
43767
43794
43858
43930
44000
44012
44097
44099
44108
44141
44297
44334
44407
44448
44494
44527
44530
44583
44606
44726
44729
44756
44788
44821
44842
44850
44887
44902
44976
44994
45021
45023
45039
45050
47127
47150
47157
47160
47184
47206
47214
47233
47239
47268
47293
47300
47314
47332
47382
47400
47413
47420
47455
47472
47484
47494
47548
47599
47600
47608
47612
47648
47658
47679
47730
47818
47820
47833
47835
47841
47858
47866
47891
47957
47977
47980
48017
48026
48069
48072
48125
48130
48134
48140
48179
48185
48196
48213
48240
48310
48402
48426
48490
48504
48518
48521
48594
48613
48702
48703
48732
48744
48750
48784
48799
48800
48809
48813
48817
48819
48879
48920
48934
49011
49028
49030
49068
49083
49112
49137
49152
49230
49314
49328
49434
49441
49449
49451
49463
49477
49495
49504
49537
49540
49553
49555
49566
49584
49594
49619
49623
49688
49689
49690
49692
49695
49763
49881
49920
49923
49960
49961
50036
50059
50087
50123
50124
50133
50172
50199
50234
50314
50370
50388
50446
50474
50497
50547
50583
50588
50618
50620
50624
50628
50664
50702
50758
50778
50779
50796
50812
50818
50834
50845
50858
50894
50897
50902
50903
50954
50960
50982
51038
51075
51078
51083
51085
51128
51144
51207
51220
51231
51236
51243
51257
51269
51270
51301
51306
51326
51335
51366
51455
51458
51459
51588
51630
51664
51706
51754
51761
51806
51822
51870
51888
51933
51985
52013
52034
52039
52053
52073
52075
52098
52120
52126
52127
52143
52221
56339
56343
56403
56455
56469
56598
56648
56733
56774
56825
56844
56859
56892
56921
56987
56992
57004
57024
57068
57080
57103
57119
57141
57157
57173
57179
57199
57226
57284
57297
57310
57346
57348
57373
57468
57581
57584
57591
57633
57642
57654
57694
57696
57734
57752
57797
57809
57839
57855
57877
57902
57928
57943
57951
58004
58011
58029
58208
58308
58324
59407
59413
59518
59520
59576
59578
59689
59721
59830
59842
59852
59853
59855
59877
59911
59944
59988
59997
60001
60032
60073
60112
60132
60174
60204
60207
60240
60242
60293
60331
60350
60362
60410
60427
60456
60491
60502
60532
60543
60555
60570
60572
60595
60601
60618
60620
60622
60630
60641
60686
60697
60703
60718
60737
60749
60821
60855
60902
60940
60983
60994
61015
61026
61047
61086
61136
61168
61193
61205
61217
61221
61236
61361
61394
61984
62000
62018
62038
62057
62119
62141
62202
62228
62242
62343
62430
62443
64405
64438
64444
64476
64482
64484
132418
134187
196633
196658
196670
196689
196765
196766
196773
196869
197014
197033
197036
197056
197076
197081
197114
197133
197138
197149
197161
197205
197230
197337
197369
197383
197422
197465
197484
197485
197492
197500
197505
197548
197551
197562
197573
197618
197638
197653
197662
197696
197732
197744
197778
197788
197816
197883
197914
197922
197959
197981
198034
198053
198060
198111
198126
198149
198184
198239
198286
198318
198322
198330
198335
198340
198375
198423
198507
198545
198551
198558
198575
198583
198641
198682
198706
198732
198792
198825
198831
198875
198952
198978
198985
199006
199064
199088
199116
199117
199125
199140
199142
199157
199158
199167
199190
199199
199233
199248
199255
199258
199275
199297
199327
199360
199383
199396
199397
199415
199418
199422
199426
199432
199441
199483
199485
199568
199571
199575
199579
199586
199627
199636
199653
199660
199677
199682
199708
199712
199719
199727
199749
199758
199777
199792
199881
199917
199997
200050
200056
200063
200069
200077
200102
200136
200162
200170
200185
200202
200245
200259
200271
200310
200322
200339
200356
200358
200411
200413
200435
200484
200529
200589
200607
200618
200621
200641
200653
200741
200748
200780
200783
200821
200836
200843
200857
200906
200971
201072
201077
201080
201081
201084
201085
201140
201177
201188
201246
201281
201313
201324
201376
201393
201408
201420
201425
201479
201480
201516
201527
201605
201635
201636
201647
201659
201675
201693
201699
201808
201828
201868
201876
201896
201900
201910
201923
201932
201939
201958
201961
202010
202023
202045
202066
202069
202089
202096
202138
202139
202140
202187
202213
202214
202215
202236
202249
202253
202321
202328
202350
202381
202449
202546
202568
202569
202573
202582
202604
202628
202648
202663
202669
202727
202755
202757
202827
202834
202836
202850
202862
202869
202884
202886
202898
202912
202933
202945
203007
203030
203041
203058
203062
203211
203304
203326
203349
203350
203352
203360
203361
203370
203386
203400
203413
203432
203476
203495
203500
203532
203544
203547
203554
203585
203596
203608
203651
203683
203698
203720
203734
203738
203745
203770
203772
203773
203782
203797
203885
203901
203908
203926
203927
203984
204043
204046
204092
204124
204140
204142
204145
204186
204202
204207
204212
204251
204265
204273
204344
204355
204371
204382
204426
204439
204460
204493
204515
204516
204517
204596
204599
204642
204645
204657
204661
204662
204733
204756
204802
204818
204835
204869
204887
204902
204960
204975
205010
205021
205068
205122
205147
205149
205156
205167
205181
205215
205225
205263
205306
205319
205338
205344
205440
205461
205483
205522
205541
205555
205590
205633
205669
205681
205684
205698
205746
205761
205801
205816
205817
205845
205860
205862
205919
205921
205933
205939
205956
205992
206002
206014
206015
206037
206058
206059
206086
206120
206155
206165
206242
206296
206308
206310
206342
206359
206379
206390
206398
206399
206445
206450
206453
206508
206525
206568
206569
206599
206619
206656
206660
206696
206700
206709
206713
206720
206721
206726
206778
206782
206795
206809
206831
206841
206851
206856
206859
206865
206869
206874
206903
206914
206940
206944
206958
206967
206979
206983
207001
207051
207100
207147
207151
207175
207181
207214
207215
207216
207225
207280
207300
207324
207345
207358
207359
207365
207372
207392
207398
207410
207421
207430
207435
207449
207463
207466
207480
207589
207607
207641
207642
207672
207708
207719
207745
207757
207768
207769
207779
207801
207806
207807
207808
207813
207816
207840
207849
207861
207879
207881
207884
207910
207933
207948
207949
207988
207992
208014
208053
208069
208074
208128
208156
208157
208182
208190
208195
208197
208199
208205
208226
208239
208252
208275
208276
208289
208294
208333
208353
208363
208382
208421
208430
208436
208458
208464
208468
208471
208482
208505
208518
208529
208567
208574
208607
208625
208627
208672
208678
208684
208704
208705
208719
208746
208749
208771
208773
208789
208796
208820
208850
208871
208937
208953
208957
208963
209027
209053
209085
209090
209092
209095
209097
209124
209136
209146
209158
209163
209166
209184
209238
209254
209255
209295
209304
209320
209323
209349
209385
209389
209397
209426
209428
209438
209439
209453
209468
209469
209475
209479
209483
209498
209510
209513
209523
209525
209527
209532
209555
209567
209627
209677
209678
209717
209730
209760
209766
209815
209823
209843
209852
209920
209925
209928
209966
209978
209993
209994
210013
210030
210032
210034
210040
210043
210051
210057
210094
210118
210124
210136
210156
210165
210182
210232
210255
210309
210335
210339
210344
210348
210363
210376
210400
210403
210414
210433
210441
210481
210492
210510
210518
210535
210595
210601
210652
210664
210673
210675
210684
210700
210704
210732
210733
210743
210745
210760
210770
210799
210801
210806
210810
210832
210839
210851
210855
210858
210873
210879
210891
210898
210933
210935
210960
210979
211055
211068
211073
211105
211113
211124
211127
211194
211277
211299
211308
211310
211317
211349
211352
211355
211377
211423
211442
211448
211492
211514
211533
211556
211590
211615
211617
211640
211652
211672
211691
211694
211733
211755
211766
211781
211827
211835
211846
211850
211854
211858
211868
211882
211891
211919
211925
211935
211944
211948
211957
211965
211978
211997
212002
212007
212012
212024
212037
212041
212065
212072
212081
212104
212127
212140
212153
212198
212207
212208
212270
212291
212292
212298
212313
212321
212324
212346
212348
212351
212407
212424
212457
212481
212489
212504
212510
212530
212547
212557
212562
212576
212579
212589
212625
212636
212650
212653
212671
212708
212709
212718
212720
212724
212731
212760
212783
212808
212815
212832
212834
212844
212856
212912
212933
212948
212970
212971
212972
212976
212977
212993
213018
213047
213095
213110
213135
213184
213244
213253
213313
213317
213372
213382
213394
213412
213466
213496
213517
213561
213599
213638
213647
213661
213668
213703
213763
213778
213868
213873
213876
213935
213938
213941
213943
213947
213948
213949
213966
213971
213987
214008
214023
214029
214065
214070
214071
214086
214154
214232
214326
214376
214383
214390
214394
214473
214490
214492
214518
214560
214589
214625
214650
214708
214742
214777
214838
214874
214877
214935
214939
214942
214959
214961
215011
215021
215035
215049
215090
215097
215114
215140
215142
215144
215149
215189
215227
215234
215319
215359
215435
215486
215494
215521
215528
215529
215532
215564
215581
215596
215599
215604
215614
215637
215639
215663
215673
215727
215753
215772
215781
215813
215872
215884
215893
215928
215931
215936
216000
216009
216035
216075
216117
216147
216155
216174
216187
216190
216193
216222
216239
216269
216273
216297
216301
216310
216329
216353
216388
216402
216413
216428
216430
216443
394485
394648
396950
397025