786
2129
2529
2589
2818
2855
2856
3170
3206
3213
3220
3223
3232
3252
3300
3344
4455
5089
5378
5388
5400
5413
5428
5459
5462
5464
5482
5497
5500
5503
5519
5551
5552
5555
5564
5571
5586
5587
5600
5604
5607
5614
5622
5631
6656
6660
6675
6685
6717
6727
6728
6745
6749
6757
6759
6763
6779
6838
6847
6859
6871
6894
6908
6911
7042
8180
8220
8266
8272
8276
8282
8296
8330
8336
8356
8372
8401
8419
8426
8435
8444
8457
8468
8472
8530
8546
8548
8550
8553
8576
8577
8586
8607
8613
8619
8621
8622
8651
8656
8669
8676
8680
8683
8686
8689
8698
8709
8714
8716
8718
8760
8789
8791
8801
8802
8835
8838
8844
8851
8897
8898
8902
8912
8916
8942
8943
8952
9002
9011
9014
9057
9084
9086
9090
9105
9126
9140
9153
9156
9161
9179
9191
9194
9248
9786
11856
12290
12390
12433
12471
12488
12496
12519
12554
12576
12606
12613
12628
12640
12641
12647
12701
12703
12708
12755
12761
12775
12789
12852
12870
12878
12884
12953
13002
13005
13009
13017
13037
13076
13126
13144
13173
13205
13213
13217
13218
13285
14670
15395
15404
15412
15418
15421
15429
15463
15482
15490
15510
15533
15565
15568
15570
15572
15601
15622
15635
15636
15641
15654
15677
15689
15692
15727
15752
15753
15768
15770
15845
15865
15896
15914
15917
15992
16032
16034
16036
16050
16082
16096
16162
16164
16166
16174
16197
16204
16212
16224
16238
16247
16260
16303
16334
16339
16349
16351
16353
16362
16376
16755
17102
17626
20500
20517
20547
20577
20596
20629
20652
20679
20695
20705
20712
20738
20799
20832
20842
20859
20860
20878
20915
20955
20976
21054
21077
21099
21130
21160
21188
21206
21218
21233
21260
21267
21296
21301
21327
21339
21345
21346
21356
21369
21371
21396
21422
21433
21439
21448
21459
21464
21470
21472
21493
24594
24633
24650
24669
24670
24673
24677
24705
24742
24775
24778
24807
24842
24865
24867
24894
24916
24949
24958
24976
25006
25022
25030
25041
25048
25050
25061
25098
25108
25127
25135
25160
25178
25180
25307
25310
25314
25335
25343
25346
25369
25376
25421
25460
25462
25464
25470
25546
25562
25577
25582
25585
25588
28673
28690
28705
28715
28729
28757
28772
28780
28786
28792
28816
28846
28863
28886
28914
28934
28939
28959
29006
29009
29016
29017
29019
29026
29033
29045
29048
29107
29120
29131
29164
29180
29197
29200
29202
29214
29219
29297
29400
29409
29446
29452
29457
29474
29478
29506
29527
29550
29575
29606
29611
29626
29636
29646
29664
29668
29676
29754
30351
30740
30746
30756
30769
30803
30827
30844
30847
30894
30897
30909
30914
30931
30933
30938
30967
31003
31021
31048
31050
31084
31151
31198
31202
31220
31223
31256
31270
31273
31392
31398
31402
31404
31422
31445
31459
31463
31472
31474
31487
31493
31515
31532
31535
31562
31595
31631
31632
31641
31655
31659
31665
31708
31712
31716
31727
31742
31743
32708
33408
33820
33854
33860
33879
33898
33920
33921
33941
33953
33967
33968
33970
33975
33981
34010
34026
34041
34066
34079
34082
34099
34119
34134
34158
34178
34202
34270
34282
34344
34350
34406
34407
34413
34442
34499
34523
34555
34587
34611
34623
34625
34640
34649
34654
34657
34660
34675
34693
34697
34716
34728
34737
34745
34746
34790
34811
34816
34827
34846
34854
34890
34900
34914
34920
34922
34930
34931
34934
34940
34967
34979
35045
35069
35071
35082
35106
35143
35180
35196
35200
35228
35241
35259
35266
35269
35299
35327
35399
35425
35433
35437
35462
35528
35545
35551
35559
35575
35662
35670
35694
35707
35736
35788
35801
35825
35826
35831
35832
35838
36218
36287
36454
38237
38936
38963
38966
38973
38998
39060
39097
39103
39116
39139
39148
39150
39173
39175
39179
39192
39202
39208
39215
39295
39326
39341
39356
39382
39389
39400
39414
39451
39458
39459
39461
39470
39477
39520
39522
39530
39537
39545
39550
39552
39553
39576
39584
39588
39592
39602
39610
39617
39620
39621
39627
39630
39633
39674
39715
39717
39730
39767
39846
39875
39884
39921
40550
40897
40986
40992
41000
41012
41021
41095
41099
41103
41107
41203
41230
41231
41232
41246
41255
41276
41281
41354
41355
41357
41362
41367
41373
41379
41380
41383
41393
41400
41415
41448
41477
41484
41489
41493
41495
41538
41548
41553
41564
41570
41596
41612
41614
41633
41678
41695
41751
41811
41839
41847
41896
41936
41951
41977
41988
42004
42009
42010
42040
42044
42046
42053
42081
42129
42173
42192
42214
42217
42228
42237
42271
42305
42330
42332
42344
42353
42359
42412
42427
42457
42465
42466
42479
42513
42536
42543
42565
42579
42611
42635
42689
42705
42761
42775
42831
42853
42875
42880
42902
42909
42944
42952
42973
42987
43006
43009
43013
43059
43079
43082
43108
43131
43157
43178
43198
43207
43219
43236
43251
43255
43259
43313
43323
43336
43355
43367
43392
43408
43428
43433
43442
43463
43475
43486
43519
43525
43534
43539
43545
43551
43565
43584
43599
43620
43629
43669
43827
43835
43838
43851
43872
43878
43884
43915
43924
43935
43949
43950
44008
44009
44022
44052
44110
44205
44218
44226
44268
44292
44305
44307
44308
44314
44332
44355
44356
44360
44366
44369
44371
44372
44374
44402
44403
44426
44442
44444
44445
44471
44474
44480
44488
44504
44509
44516
44521
44548
44574
44617
44646
44671
44684
44697
44706
44745
44749
44754
44782
44791
44794
44810
44824
44874
44891
44934
44948
44955
44971
44980
44981
45014
45028
45033
45828
46257
46681
47113
47143
47219
47227
47255
47264
47272
47296
47318
47326
47351
47367
47386
47391
47426
47474
47480
47492
47508
47509
47534
47535
47549
47556
47561
47563
47571
47572
47578
47581
47582
47584
47611
47615
47622
47625
47631
47638
47669
47671
47685
47693
47704
47712
47716
47718
47738
47741
47744
47757
47762
47768
47791
47797
47823
47871
47890
47918
47933
47935
47947
47971
47988
47992
47998
47999
48003
48018
48070
48071
48090
48101
48165
48177
48182
48254
48266
48273
48294
48297
48325
48375
48397
48412
48444
48447
48455
48460
48463
48493
48529
48549
48550
48553
48562
48570
48589
48611
48620
48628
48632
48655
48663
48682
48686
48688
48700
48704
48706
48761
48771
48791
48804
48825
48866
48875
48883
48888
48901
48910
48945
48950
48954
48961
48967
48973
48987
48993
49026
49049
49105
49134
49158
49182
49209
49229
49247
49263
49313
49318
49324
49344
49354
49372
49374
49375
49396
49398
49401
49415
49418
49425
49438
49440
49448
49485
49487
49490
49503
49546
49572
49592
49606
49607
49615
49657
49683
49694
49728
49738
49744
49758
49765
49775
49781
49793
49807
49819
49823
49829
49856
49868
49882
49898
49900
49911
49915
49926
49937
49958
49967
49978
49999
50023
50056
50063
50077
50078
50108
50113
50131
50132
50152
50156
50162
50173
50193
50202
50203
50224
50287
50292
50300
50329
50363
50385
50391
50412
50419
50422
50432
50445
50461
50468
50489
50510
50534
50605
50617
50632
50656
50697
50711
50743
50746
50773
50788
50799
50807
50823
50826
50871
50882
50888
50889
50910
50930
50935
50948
50957
50972
50985
51005
51031
51043
51047
51048
51055
51059
51063
51082
51100
51159
51170
51212
51221
51222
51263
51303
51313
51318
51320
51329
51391
51392
51406
51409
51439
51490
51491
51498
51526
51545
51551
51553
51561
51572
51601
51603
51692
51704
51707
51713
51762
51766
51782
51805
51809
51823
51845
51901
51905
51918
51926
51939
51945
51946
51953
51983
51999
52024
52025
52037
52041
52063
52076
52148
52167
52200
53335
54470
55212
56328
56329
56335
56365
56382
56396
56438
56444
56460
56474
56478
56533
56595
56614
56637
56644
56670
56696
56718
56723
56726
56730
56739
56745
56758
56802
56831
56850
56929
56979
56990
57002
57014
57022
57099
57110
57114
57148
57155
57161
57168
57228
57276
57307
57356
57377
57408
57417
57477
57483
57567
57586
57604
57624
57650
57653
57672
57688
57740
57750
57751
57770
57793
57850
57907
57927
57932
57994
58007
58040
58051
58052
58062
58064
58065
58101
58102
58117
58120
58124
58144
58148
58173
58188
58223
58226
58246
58270
58273
58285
58305
58325
58338
58339
58349
59395
59402
59410
59426
59439
59445
59455
59493
59529
59538
59565
59566
59581
59597
59598
59608
59617
59619
59621
59634
59638
59659
59660
59676
59680
59705
59717
59724
59730
59736
59756
59778
59783
59803
59806
59809
59811
59813
59816
59817
59820
59836
59839
59876
59888
59893
59894
59895
59897
59902
59904
59907
59920
59933
59952
59953
60004
60011
60012
60013
60015
60036
60038
60045
60060
60064
60068
60079
60102
60103
60120
60157
60160
60187
60193
60194
60200
60210
60220
60223
60228
60237
60241
60255
60257
60282
60297
60326
60333
60339
60377
60381
60382
60395
60426
60431
60439
60440
60464
60477
60492
60507
60542
60547
60593
60610
60640
60648
60654
60670
60672
60677
60688
60698
60710
60714
60735
60736
60739
60758
60759
60760
60787
60788
60793
60800
60819
60825
60841
60851
60868
60885
60890
60894
60897
60898
60899
60912
60914
60922
60925
60933
60934
60945
60949
60952
60962
60969
60977
60981
61012
61024
61049
61070
61081
61087
61093
61097
61105
61112
61124
61126
61135
61215
61231
61245
61257
61281
61283
61323
61337
61341
61373
61414
61419
61427
61972
61977
61978
62016
62059
62079
62112
62145
62163
62172
62189
62195
62217
62224
62227
62240
62244
62246
62249
62262
62267
62273
62299
62303
62313
62346
62364
62374
62403
62406
62408
62417
62428
62979
62980
63022
63024
63041
63042
63053
64080
64415
64435
64448
64474
64485
131222
132006
132865
133479
134458
134536
136011
136620
136918
137037
137502
138177
139324
139610
139853
142290
148971
150325
153833
196628
196646
196656
196674
196741
196744
196745
196778
196809
196813
196839
196875
196881
196902
196962
196990
197039
197040
197085
197104
197106
197107
197282
197320
197342
197355
197370
197387
197407
197409
197414
197419
197452
197560
197568
197594
197651
197669
197677
197685
197715
197723
197753
197839
197852
197860
197872
197898
197913
197958
197976
198010
198032
198037
198063
198071
198100
198104
198136
198142
198219
198220
198222
198231
198250
198299
198300
198306
198312
198313
198328
198332
198337
198351
198353
198362
198382
198386
198412
198426
198440
198466
198472
198536
198554
198567
198623
198628
198636
198690
198722
198723
198729
198736
198740
198753
198768
198781
198789
198796
198801
198823
198850
198862
198863
198864
198895
198957
198981
198990
199052
199058
199066
199109
199111
199131
199164
199165
199204
199208
199210
199262
199269
199283
199285
199286
199291
199330
199335
199379
199404
199448
199452
199455
199456
199462
199464
199466
199468
199481
199507
199516
199519
199535
199542
199548
199555
199569
199614
199629
199654
199659
199675
199688
199706
199710
199713
199716
199717
199720
199748
199764
199775
199785
199788
199799
199828
199856
199875
199883
199886
199903
199909
199916
199944
199946
199954
199957
199984
200008
200039
200052
200083
200099
200113
200124
200131
200147
200164
200174
200198
200241
200251
200260
200280
200299
200304
200365
200371
200416
200418
200425
200427
200455
200468
200473
200498
200508
200514
200535
200541
200552
200564
200597
200614
200636
200639
200652
200675
200682
200692
200700
200707
200708
200740
200747
200751
200754
200769
200800
200870
200876
200898
200904
200950
200961
200973
200994
201002
201024
201060
201093
201101
201106
201115
201126
201226
201230
201261
201266
201277
201280
201289
201301
201303
201304
201335
201351
201358
201375
201409
201432
201433
201437
201467
201471
201478
201493
201506
201508
201528
201529
201536
201542
201567
201579
201580
201657
201664
201690
201714
201715
201739
201755
201762
201773
201798
201799
201802
201831
201838
201854
201855
201862
201864
201867
201902
201903
201930
201933
201941
201949
201971
201980
202013
202020
202038
202052
202067
202107
202110
202114
202149
202154
202161
202166
202176
202190
202206
202212
202235
202241
202255
202275
202282
202288
202297
202306
202310
202312
202359
202363
202364
202370
202400
202408
202415
202416
202443
202454
202455
202459
202466
202487
202488
202489
202517
202519
202525
202529
202548
202574
202575
202587
202590
202595
202596
202630
202665
202679
202685
202695
202776
202783
202787
202791
202792
202797
202808
202818
202867
202888
202901
202907
202937
202939
202944
202953
202978
202990
203011
203035
203036
203056
203067
203070
203074
203082
203105
203107
203108
203121
203128
203141
203164
203171
203177
203184
203185
203204
203219
203220
203231
203232
203235
203237
203251
203258
203315
203317
203346
203354
203363
203372
203397
203416
203421
203425
203438
203443
203446
203449
203452
203460
203568
203573
203582
203631
203649
203652
203665
203676
203728
203758
203767
203795
203812
203818
203842
203850
203851
203867
203873
203880
203897
203902
203961
203981
203987
204000
204018
204037
204044
204045
204047
204050
204055
204085
204103
204139
204154
204167
204193
204204
204222
204236
204239
204242
204247
204258
204260
204264
204291
204316
204318
204321
204322
204339
204345
204359
204375
204387
204407
204413
204414
204415
204436
204440
204446
204476
204486
204519
204545
204550
204558
204562
204592
204598
204604
204630
204640
204660
204670
204688
204725
204731
204755
204777
204778
204789
204800
204819
204828
204844
204853
204857
204914
204928
204931
204939
204945
204946
204978
204979
204997
205006
205011
205012
205039
205052
205056
205058
205072
205090
205091
205098
205106
205114
205120
205177
205197
205200
205220
205237
205265
205281
205283
205286
205292
205294
205309
205311
205328
205337
205359
205360
205372
205373
205389
205394
205402
205414
205434
205464
205468
205479
205492
205517
205544
205545
205552
205565
205586
205599
205615
205630
205654
205676
205693
205734
205739
205749
205756
205767
205771
205804
205826
205842
205847
205855
205878
205885
205892
205897
205900
205909
205917
205918
205944
205975
205986
205996
206024
206036
206049
206062
206067
206071
206074
206078
206092
206136
206143
206144
206146
206150
206160
206164
206166
206187
206202
206210
206223
206229
206232
206237
206245
206289
206307
206324
206332
206335
206347
206352
206371
206372
206392
206397
206405
206411
206427
206457
206467
206479
206483
206490
206509
206512
206530
206547
206573
206576
206626
206629
206634
206637
206664
206671
206681
206682
206686
206688
206689
206690
206733
206745
206747
206754
206773
206792
206798
206800
206819
206822
206848
206870
206877
206895
206900
206918
206924
206925
206933
206934
206939
206974
206976
206981
206984
206985
206986
206987
206999
207009
207019
207039
207043
207045
207067
207072
207080
207086
207087
207089
207096
207108
207120
207121
207140
207155
207158
207162
207163
207173
207183
207194
207195
207200
207245
207268
207273
207310
207312
207328
207339
207343
207416
207427
207456
207461
207511
207520
207524
207525
207529
207534
207536
207543
207552
207567
207569
207586
207601
207602
207625
207645
207652
207673
207687
207701
207734
207748
207754
207755
207756
207765
207784
207827
207841
207846
207890
207899
207900
207916
207924
207925
207927
207936
207957
207960
207965
207993
207995
208021
208026
208035
208051
208079
208098
208118
208120
208121
208123
208147
208150
208160
208174
208176
208180
208189
208191
208242
208302
208307
208309
208311
208330
208335
208368
208386
208393
208394
208402
208408
208417
208420
208442
208507
208522
208524
208533
208535
208563
208564
208576
208585
208589
208590
208612
208621
208623
208632
208634
208636
208638
208687
208697
208699
208711
208723
208755
208756
208781
208784
208802
208804
208833
208855
208886
208895
208902
208907
208908
208915
208949
208970
209003
209015
209022
209035
209080
209082
209113
209134
209181
209198
209199
209207
209210
209215
209220
209230
209237
209243
209260
209268
209274
209297
209318
209324
209326
209329
209336
209341
209363
209364
209391
209414
209417
209447
209452
209493
209503
209505
209507
209536
209540
209594
209600
209606
209609
209611
209635
209641
209669
209693
209710
209723
209735
209738
209756
209761
209762
209765
209771
209777
209808
209827
209838
209858
209869
209870
209888
209899
209931
209997
209999
210005
210025
210054
210062
210087
210090
210096
210099
210101
210164
210192
210203
210206
210208
210216
210253
210258
210277
210279
210282
210310
210369
210370
210377
210386
210396
210404
210411
210412
210415
210425
210440
210450
210453
210457
210467
210511
210516
210533
210549
210551
210584
210619
210627
210644
210667
210683
210727
210751
210757
210767
210773
210814
210870
210874
210892
210893
210919
210920
210924
210938
210961
210985
210988
210993
210996
211015
211020
211029
211032
211035
211044
211049
211058
211067
211077
211091
211097
211108
211118
211120
211121
211123
211126
211131
211140
211142
211149
211165
211166
211167
211175
211178
211188
211189
211198
211224
211244
211271
211272
211284
211289
211298
211303
211307
211323
211339
211371
211386
211389
211392
211393
211409
211427
211431
211437
211438
211460
211476
211500
211501
211511
211522
211552
211576
211577
211591
211597
211612
211658
211667
211675
211678
211754
211760
211775
211787
211789
211803
211829
211844
211855
211878
211879
211893
211912
211955
211956
211966
211987
211998
212010
212018
212019
212027
212029
212031
212035
212047
212068
212109
212121
212124
212152
212158
212169
212171
212174
212175
212177
212180
212182
212195
212217
212222
212232
212238
212240
212244
212263
212265
212286
212295
212329
212342
212365
212385
212390
212391
212396
212399
212404
212406
212413
212419
212426
212427
212434
212446
212459
212465
212474
212475
212483
212486
212511
212512
212551
212556
212581
212601
212606
212633
212646
212655
212656
212660
212683
212694
212701
212706
212711
212729
212733
212759
212781
212784
212788
212791
212797
212806
212807
212826
212852
212857
212867
212868
212880
212885
212902
212903
212931
212992
213000
213001
213016
213026
213051
213060
213074
213078
213085
213092
213094
213112
213119
213150
213163
213169
213183
213185
213190
213201
213202
213210
213229
213262
213265
213272
213287
213289
213308
213349
213354
213385
213431
213434
213436
213441
213447
213448
213451
213460
213482
213493
213495
213502
213507
213513
213515
213520
213525
213526
213529
213534
213543
213546
213549
213565
213578
213580
213583
213584
213585
213603
213607
213608
213613
213615
213618
213620
213626
213646
213650
213660
213671
213673
213692
213696
213702
213707
213710
213712
213725
213728
213729
213734
213737
213750
213755
213756
213760
213767
213771
213786
213790
213798
213803
213809
213840
213843
213854
213863
213867
213877
213885
213887
213888
213889
213893
213897
213898
213921
213955
213982
213989
213990
214005
214013
214018
214045
214055
214056
214064
214073
214079
214098
214116
214143
214160
214162
214168
214177
214188
214199
214214
214228
214238
214240
214242
214260
214271
214280
214284
214285
214293
214294
214295
214307
214309
214310
214311
214314
214315
214323
214332
214351
214365
214402
214409
214416
214424
214425
214426
214432
214437
214438
214451
214453
214455
214457
214462
214471
214480
214496
214498
214506
214512
214514
214519
214534
214544
214555
214557
214558
214559
214566
214579
214583
214590
214592
214594
214595
214596
214599
214600
214601
214602
214604
214605
214618
214627
214634
214637
214647
214654
214661
214665
214670
214672
214705
214713
214715
214722
214731
214745
214769
214770
214808
214811
214818
214819
214820
214826
214834
214835
214880
214894
214910
214924
214927
214931
214974
214984
215000
215002
215003
215005
215008
215012
215022
215030
215047
215058
215066
215071
215089
215112
215113
215127
215128
215158
215159
215162
215176
215184
215187
215195
215210
215231
215242
215243
215252
215268
215269
215276
215303
215304
215316
215320
215322
215327
215332
215355
215363
215368
215378
215387
215388
215397
215413
215419
215429
215439
215450
215470
215471
215476
215497
215499
215523
215527
215540
215543
215551
215560
215575
215587
215590
215592
215600
215617
215631
215635
215636
215638
215657
215660
215661
215662
215672
215675
215698
215703
215720
215730
215742
215743
215754
215758
215759
215766
215768
215780
215817
215821
215826
215827
215833
215845
215857
215870
215889
215905
215909
215913
215915
215925
215926
215959
215963
215965
215981
215989
216001
216014
216036
216039
216047
216055
216059
216073
216111
216116
216121
216126
216127
216138
216139
216149
216157
216179
216180
216186
216207
216212
216217
216240
216243
216254
216274
216307
216324
216336
216338
216354
216361
216364
216376
216405
216424
216425
216437
216442
216454
401626