9144
15491
16010
20545
20771
21214
21276
24997
25249
28751
29289
34666
34797
35076
35805
39248
39452
41161
41738
41877
42082
42140
42223
42896
42938
43715
44327
44621
47270
47282
47575
47644
47810
48393
48415
48538
49016
49129
49254
49297
49628
50053
50151
50514
50647
51010
51142
51481
51841
56811
56855
56966
57127
57445
57473
57743
57768
57814
57881
58185
58227
59447
59503
60392
61167
62252
197229
197328
197335
198150
198512
198561
198874
199045
199242
199469
199625
199872
199899
200476
200488
200568
200883
201141
201174
201356
201575
201598
201651
202065
202223
202544
203039
203136
203301
203310
203448
203647
203962
204498
204524
205143
205173
205797
205928
206534
206584
207573
207640
207877
208080
208097
208144
208320
208603
208744
208883
208943
209000
209012
209046
209047
209064
209183
209263
209332
209663
209743
209786
210234
210580
210797
210808
210824
210850
210923
211322
211426
211981
212318
212319
212345
212398
212484
212599
212803
212838
214015
214049
214158
214176
214839
215348
215463
215546
215594
215952
216300
216463