15825
29340
29614
29674
30986
30997
33786
37012
37030
37032
37074
37087
37140
37212
37232
37255
37263
37289
37304
37313
37350
37373
37392
37478
37534
37539
37570
37613
37647
37727
37806
327695
327814
327845
327848
327853
327886
327890
327928
327944
327947
327965
327992
328054
328076
328141
328182
328184
328185
328212
328213
328224
328252
328261
328264
328303
328353
328367
328372
328439
328454
328494
328530
328532
328571
328574
328639
328647
328648
328659
328662
328663
328717
328752
328769
328770
328797
328827
328842
328887
328890
328891
328896
328957
328983
328984
329009
329066
329154
329169
329176
329180
329238
329309
329326
329332
329338
329389
329410
329416
329436
329447
329449
329459
329477
329482
329486
329566
329580
329588
329591