1241
2546
3260
3323
3329
4492
4601
5408
5470
5489
6674
6744
6799
6867
8248
8253
8278
8280
8388
8396
8499
8522
8581
8611
8617
8618
8643
8762
8951
8991
9069
9128
12361
12364
12402
12713
13038
13153
15430
15439
15536
15544
15617
15690
15853
15948
16013
16200
20506
20813
20962
24849
25472
28953
28969
29162
29229
29241
29247
29353
30850
31013
31563
31579
34239
34516
34780
35372
35459
35472
35499
35506
39062
39481
39867
40990
41125
41372
41579
42070
42680
42817
44036
47180
47521
47616
48053
48172
48380
48449
48489
49582
49968
50148
50311
50501
50520
50745
50919
51505
51537
51574
51810
51900
56457
56815
56858
56910
57794
60325
60342
60597
60723
60911
62061
196945
197389
197515
197534
197580
197746
197899
197980
198188
198477
199081
199141
199246
199370
199375
199382
199399
200128
200314
200368
200736
201293
201321
201374
201494
201827
202042
202112
202224
202506
202640
202849
202903
202949
203079
203101
203348
203780
203878
204462
204932
205053
205904
206038
206349
206425
206456
206529
206652
206697
206735
207034
207062
207492
207540
207585
207639
207767
207953
207955
208078
208108
208149
208552
208785
208829
208837
208858
209111
209128
209147
209150
209162
209515
209608
209872
209914
210312
210473
210477
210697
210768
211053
211064
211065
211109
211110
211186
211214
211275
211677
211726
211761
211809
211949
212043
212274
212326
212337
212347
212433
212442
212485
212498
212699
212984
212994
213218
213835
213930
213974
214010
214254
214261
214298
214452
214791
214885
214914
214948
215036
215161
215213
215405
215414
215492
215583
215734
215795
215980
216028
216285
216470