6133
6458
6487
10586
13682
14754
19767
20299
23243
26617
27654
27737
27799
27825
27910
27929
27933
28049
28069
28087
28105
52276
52286
52362
52451
52454
61472
64157
64158
211604
262166
262206
262207
263218
263231
263247
263714
263761
263763
263781
264637
264639
264764
265684
266678
266688
266696
266755
267713
267715
267774
267828
267927
269740
269745
269824
269830
269840
269899
269923
269926
269951
269964
269989
270036
271885
271946
271990
272012
272013
272061
272089
272818
272832
272853
272860
272876
272969
273041
273149
273150
273152
273228
273243
273831
273842
273871
273884
273897
274033
274038
274121
274151