2042
2706
2772
3363
3661
3662
3689
4058
4142
4158
4431
4515
4528
4594
4605
4612
4614
4616
4619
4623
4624
4625
4626
4627
4630
4633
4635
4637
4639
4640
4641
4642
4644
4645
4646
4649
4650
4654
4655
4656
4658
4746
4748
4760
4803
4828
4848
4849
4862
4899
5017
5085
7468
7479
7484
7489
7493
7499
7540
7577
7581
7614
7617
7646
7650
7659
7695
7705
9221
9225
9229
9231
9232
9237
9242
9253
9259
9263
9266
9269
9289
9293
9302
9304
9312
9337
9381
9440
9444
9468
9474
9478
9502
9512
9513
9516
9520
9536
9542
9554
9581
9584
9586
9589
9590
9660
9665
9726
9729
9732
9735
9740
9744
9793
9826
9828
9886
9899
9906
9908
9914
9925
10032
10087
10098
10099
10103
10108
10116
10118
10127
10132
10136
10138
10147
10202
10205
10222
10228
10231
10232
10236
10238
13006
17424
17433
17444
17449
17476
17485
17487
17497
17500
17537
17540
17554
17555
17561
17619
17630
17653
17706
17740
17744
17759
17764
17793
17794
17814
17824
17888
17924
17972
17975
17984
17988
17990
18013
18116
18204
18218
18293
22981
23648
23702
23709
23715
23730
23749
23764
23868
23875
23881
23890
23898
23978
24000
24002
24009
24018
24023
24043
24058
24077
24099
24112
24124
24182
24219
24231
24236
24245
24304
24334
24345
24373
24396
24399
24449
24454
24462
24544
24545
24549
24568
34567
34806
34813
35820
38007
38008
38023
38032
38056
38136
38166
38176
38177
38186
38197
38226
38277
38324
38452
38469
38475
38478
38486
38531
38574
38578
38580
38591
38603
38612
38658
38802
38814
38819
38864
38866
38870
38871
38873
39182
41717
42375
42413
42960
43333
44893
45136
45165
45187
45263
45327
45474
45485
45496
45561
45562
45572
45590
45597
45640
45750
45753
45757
45783
45855
45861
45888
45908
45910
45911
45921
47637
48274
48976
49304
49385
49497
49842
49922
49996
50159
50308
51089
51837
51847
55000
55331
55334
55350
55355
55361
55369
55489
55512
55517
55536
55552
55558
55639
55649
55750
55778
55807
55852
55858
55933
55940
55953
56027
56059
56082
56180
56190
56195
56205
56273
56302
56447
56594
56971
57175
57523
57678
58411
58441
58453
58516
58560
58627
58643
58658
58683
58708
58744
58779
58797
58807
58883
58931
58933
58944
58958
58981
58985
59207
59214
59217
59237
59243
59248
59270
59337
59352
59358
59360
59371
59425
59436
60024
60188
60539
60699
61048
61350
62107
62300
62325
63518
63521
63527
63841
63849
63854
63855
63857
63888
63889
63915
63916
63927
63928
63946
63959
63975
63977
63981
63988
64004
64009
64019
64022
64033
64034
64047
64050
64078
64079
64087
64096
131091
131184
131188
131189
131224
131231
131234
131271
131274
131280
131314
131324
131334
131337
131448
131451
131461
131640
131685
131994
132010
132018
132056
132068
132101
132139
132146
132168
132252
132259
132283
132291
132304
132310
132325
132327
132342
132362
132363
132364
132369
132374
132422
132488
132499
132549
132585
132591
132597
132685
132702
132705
132707
132719
132742
132790
132813
132818
132839
132845
132883
132899
133012
133024
133027
133038
133041
133054
133073
133077
133107
133115
133127
133139
133142
133153
133178
133182
133199
133201
133204
133205
133322
133329
133372
133380
133398
133423
133424
133441
133448
133454
133460
133467
133484
133485
133486
133488
133522
133526
133527
133536
133545
133549
133583
133617
133632
133634
133635
133731
133732
133733
133734
133743
133744
133746
133747
133752
133753
133759
133762
133769
133771
133777
133779
133783
133793
133849
133852
133861
133871
133892
133893
133904
133905
133926
133929
133948
133953
133955
134072
134098
134114
134120
134121
134125
134130
134157
134158
134167
134175
134176
134194
134195
134196
134198
134199
134200
134205
134207
134209
134210
134215
134219
134221
134233
134234
134243
134350
134361
134362
134364
134365
134366
134368
134370
134373
134374
134379
134380
134387
134400
134401
134410
134428
134435
134439
134446
134449
134453
134454
134460
134466
134471
134483
134485
134492
134510
134511
134518
134519
134520
134523
134524
134527
134533
134539
134544
134545
134548
134549
134551
134575
134604
134608
134664
134665
134666
134675
134683
134684
134687
134694
134696
134700
134705
134706
134713
134717
134719
134721
134727
134729
134741
134742
134751
134752
134753
134794
134795
134805
134815
134816
134820
134829
134833
134835
134953
134965
134969
134972
134977
134991
134992
134997
135005
135007
135010
135013
135017
135026
135041
135049
135056
135057
135058
135067
135078
135081
135097
135110
135113
135119
135140
135143
135144
135146
135152
135158
135166
135273
135276
135284
135293
135309
135314
135318
135319
135330
135331
135338
135355
135356
135357
135369
135373
135377
135386
135388
135391
135392
135395
135398
135436
135489
135498
135509
135510
135515
135552
135562
135563
135572
135575
135581
135621
135652
136038
136042
136049
136050
136144
136155
136162
136212
136222
136223
136231
136235
136251
136387
136389
136421
136448
136452
136472
136476
136491
136493
136501
136502
136526
136543
136547
136548
136574
136576
136578
136621
136726
136739
136742
136743
136744
136746
136750
136758
136778
136782
136798
136891
136896
136897
136907
136927
136933
136950
136970
136993
137001
137022
137046
137075
137185
137196
137207
137260
137263
137280
137283
137386
137387
137405
137427
137439
137443
137446
137451
137452
137523
137547
137559
137816
137857
137872
137877
137882
137887
137897
137899
137901
137913
137915
137918
137927
137929
137930
137944
137951
137969
137973
137979
137983
137984
137990
137992
137993
137995
137999
138006
138016
138020
138037
138152
138190
138196
138334
138347
138392
138395
138400
138402
138415
138435
138449
138456
138461
138485
138508
138516
138527
138530
138564
138571
138576
138586
138604
138607
138609
138627
138628
138630
138631
138645
138647
138648
138672
138687
138693
138915
138919
138921
138946
138959
138963
138978
138994
138995
138997
139021
139086
139226
139228
139229
139240
139243
139259
139262
139268
139293
139299
139307
139340
139594
139596
139606
139613
139637
139638
139646
139659
139712
139713
139727
139734
139750
139782
139797
139800
139803
139805
139811
139817
139836
139851
139880
139914
139918
139929
140042
140048
140057
140081
140096
140212
140214
140227
140240
140289
140525
140542
140547
140551
140570
140573
140591
140595
140597
140614
140630
140634
140645
140671
140675
140688
140693
140698
140723
140733
140841
140881
140882
140883
140925
140926
140938
140944
140951
140990
140996
141001
141009
141029
141150
141153
141159
141160
141163
141167
141174
141187
141203
141221
141237
141356
141366
141394
141405
141415
141419
141444
141475
141712
141716
141718
141721
141724
141735
141750
141756
141759
141766
141768
141884
142007
142012
142014
142019
142020
142032
142034
142040
142113
142115
142117
142132
142135
142142
142152
142267
142270
142286
142403
142560
142568
142574
142578
142637
142641
142643
142645
146950
146952
146961
146989
147002
147010
147019
147021
147043
147047
147048
147060
147071
147293
148987
148990
148995
148996
149002
149014
149030
149042
149044
149175
149282
149285
149296
149416
149424
149430
149450
149457
149481
149500
149502
149625
149626
149628
149641
149651
149767
149769
149787
149804
149824
149840
149864
150113
150117
150149
150150
150174
150179
150289
150290
150313
150320
150337
150338
150342
150345
150405
150407
150413
150448
150452
150666
150684
150700
150706
150741
150776
150785
150788
150800
150803
151045
151061
151196
151206
151316
151338
151352
151407
151419
151466
151468
151487
151492
151616
151630
151662
151779
151796
151797
151800
151828
151850
151970
151979
151990
152111
152121
152128
152136
152156
152159
152165
152179
152187
152194
152320
152330
152331
152450
152644
152672
152704
152705
152712
152740
152741
152846
152848
152854
152905
152910
152918
152919
153192
153193
153335
153339
153371
153457
153462
153476
153494
153517
153567
153611
153614
153619
153656
153663
153671
153686
153698
153757
153766
153771
153773
153788
153792
153867
153907
153952
153974
153995
154045
154054
154107
154114
198422
198510
199073
199340
199506
199967
199974
200221
202662
202746
202917
205109
205938
205960
206675
206888
206922
207075
207190
207314
207526
207566
208259
208304
208525
208588
208628
208932
209109
209178
209584
209642
210110
210132
210462
210488
210504
210636
211001
211484
211512
211598
211647
211759
211931
212147
212233
212558
212569
212836
212921
213221
213254
213347
213516
213639
213766
213802
213856
213864
214047
214053
214111
214134
214216
214454
214536
214669
214698
214711
214717
214743
214760
214785
214937
214950
214989
215043
215081
215151
215200
215929
215958
216101
216458