4914
7727
22869
23383
26612
27696
27729
27793
27804
27884
27912
27920
27923
27932
27966
28055
28084
28088
52262
52287
52390
52393
52422
52485
64150
214172
262146
262205
262234
262262
263170
263179
263193
263234
263239
263686
263690
263694
263725
263735
263740
263744
263794
263821
263829
264655
264658
264661
264696
264719
264773
264812
264819
264847
264850
265631
265645
265665
265671
265680
265706
265735
265753
265767
265770
265788
265820
265827
265849
265850
266820
266827
266842
266865
267737
267739
267760
267761
267803
269729
269780
269800
269866
269869
269880
269919
269934
269940
269960
269962
269973
271781
271971
271981
272009
272056
272825
272916
272991
273054
273160
273189
273241
273887
273916
273919
273972
273980
274023
274067
274074
274085
274086
274112
274120
274125