1886
2108
5391
5620
6794
12417
12810
13046
15719
15994
16163
21323
25045
25277
25328
25365
25528
28766
28837
28862
29485
29647
30841
30905
31012
31215
34362
34463
34519
34522
34540
34594
34748
35128
35225
35416
35549
35648
38937
39416
41121
41336
41452
41454
42488
42593
42679
42937
43023
43083
43394
43540
43804
43823
43953
44260
44306
44325
44330
44377
44475
47107
47948
48256
48353
48372
48567
48621
48794
48797
49498
50410
51485
51577
51702
51989
52152
52172
57499
57868
57888
58312
59522
59786
59866
60009
60762
61094
61211
61995
62120
62161
62182
62294
196622
197521
197716
197823
198548
198565
198785
199244
199401
199433
199565
200248
200440
200990
201563
201850
201987
203254
203455
203463
203876
203964
204020
204083
204163
204693
204709
204808
205607
205714
205774
205895
206444
206575
206808
206997
207004
207102
207348
207514
207517
207541
207895
208057
208225
208443
208764
208842
208983
208998
209174
209434
210190
210485
210486
210730
210763
211133
211572
211619
212025
212293
212550
213325
213405
213419
213420
213433
213904
214057
214099
214427
214688
214724
215325