1955
2012
2547
3219
3244
3314
3338
3340
5483
5507
5513
5565
5594
6711
6784
6790
8229
8294
8358
8448
8462
8536
8579
8696
8990
12301
12303
12589
12594
12673
15410
15545
15555
15566
15629
15985
16015
16280
20510
20523
20568
20624
20742
20845
20922
21146
21209
21229
21334
24686
24690
24794
24822
24991
25274
25539
28728
28794
28924
29278
29657
30723
30836
30904
30917
30942
31297
31581
33947
33959
34059
34262
34489
34563
34588
35190
35263
35311
35740
35792
39201
39533
39679
39844
39934
40989
41015
41075
41091
41183
41206
41251
41303
41627
41694
41885
42120
42185
42205
42232
42371
42854
42864
42872
42964
43187
43359
43529
43749
43860
43876
43928
44029
44057
44264
44302
44376
44419
44460
44651
44768
44789
44945
44991
47116
47159
47169
47324
47325
47343
47381
47421
47710
47969
48829
48893
49004
49090
49239
49786
49795
49818
49857
49944
49986
50031
50144
50181
50261
50658
50689
51033
51096
51120
51232
51275
51403
51438
51843
51920
56322
57095
57273
57389
57657
57747
57920
58012
58098
59448
59649
59869
59875
59880
59949
60071
60291
60619
60673
61270
61294
61998
62051
62214
62292
62449
196958
196970
197112
197248
197523
197750
197862
197886
197889
198223
198281
199235
200076
200157
200864
200900
200933
200940
200964
201237
201355
201431
201450
201568
202062
202115
202243
202659
203084
203137
203331
203583
204026
204168
204494
204497
204530
204745
205285
205914
206361
206473
206814
206892
207070
207107
207233
207236
207255
207349
207693
207950
208126
208154
208708
208724
208839
208891
209001
209016
209052
209061
209108
209196
209455
209486
209602
210114
210244
210291
210579
210611
210674
210678
210772
210788
210966
211212
211326
211485
211495
211523
211595
211765
212184
212229
212555
212658
212707
212910
213155
213439
213455
213643
213669
213746
213830
213869
213980
213983
214175
214226
214275
214308
215168
215261
215366
215408
215505
215525
215904
215920
216010
216142
216431
216453