3382
3583
4382
4434
4622
4761
4787
4796
4800
4821
4832
4855
7543
7587
7597
7632
7713
7717
9228
9235
9251
9326
9340
9341
9422
9448
9462
9657
9785
9791
9794
9875
9905
10114
10137
10208
10217
10220
17440
17450
17451
17454
17538
17553
17658
17670
17725
17727
17769
17800
17817
17826
17884
17885
17910
17922
17974
17995
17996
18004
18007
18051
18052
18056
18059
18103
18112
18153
18156
18189
18237
18251
18347
18351
18355
18364
18365
18379
18393
23651
23666
23671
23679
23691
23756
23861
23945
24048
24057
24180
24194
24225
24518
24538
38060
38141
38171
38202
38211
38274
38320
38331
38482
38494
38496
38567
38569
38750
38896
44817
44822
45146
45239
45286
45493
45658
45696
45701
45702
45770
45786
46016
47311
50104
55652
55794
55818
56060
56088
56232
56306
56868
58369
58375
58425
58449
58452
58463
58474
58487
58488
58514
58549
58815
58816
58961
59131
59271
63488
63827
63858
63941
64020
64023
64297
131111
131205
131237
131687
132105
132164
132628
132629
133062
133166
133207
133335
133520
133637
133796
133806
133807
134127
134129
134451
134462
134493
134516
134526
134612
135167
135360
135370
135414
135438
135439
135636
135648
135649
135659
136002
136052
136170
136221
136401
136445
136453
136516
136820
137002
137019
137053
137285
137428
137832
137909
138045
138428
138517
138533
138598
138802
138932
139328
139361
139676
139693
139932
140101
140383
140940
141048
141350
141461
141576
141887
142303
147072
149176
149314
149661
149877
150185
150346
150460
150690
150913
151043
151502
151991
152344
152743
153052
153059
153176
153317
153327
153382
153479
153484
153488
153492
153511
153514
153519
153521
153524
153538
153546
153552
153553
153559
153565
153570
153572
153573
153575
153582
153600
153607
153608
153615
153618
153636
153639
153646
153658
153664
153670
153673
153682
153690
153693
153697
153699
153707
153716
153717
153727
153729
153745
153767
153774
153796
153801
153815
153816
153820
153822
153835
153838
153843
153848
153857
153863
153871
153876
153880
153882
153887
153893
153895
153903
153910
153917
153918
153921
153936
153937
153943
153945
153960
153965
153968
153978
153985
153992
154007
154023
154034
154039
154056
154067
154074
154077
199376
199459
199695
199762
200160
200180
200240
203686
203868
203913
210842
211338
211407
211952
212001
213293
214028
214488
214882
215084
215103
215143
215171
215221
215223
215379
215683
216375