1197
1213
2110
2128
2647
2850
3286
5466
6812
8918
8945
8987
9055
9059
12372
12388
12415
13280
15405
15502
15612
15751
15806
16171
16282
24622
24675
24784
25441
28867
29644
29650
30864
30900
31122
31128
31411
31458
34218
34245
34778
34815
34912
35068
35226
35262
35289
35424
39093
39111
39122
39157
39319
39449
39485
39849
41073
41214
41238
41602
41607
41680
41736
41883
41973
42090
42213
42227
42310
42326
42342
42953
43192
43406
43484
43515
43760
43984
44196
44212
44348
44384
44451
44786
44815
47115
47417
47443
47446
47490
47680
47720
47870
47931
47941
47942
48150
48255
48305
48342
48406
48970
49221
49406
49416
49567
49766
50088
50326
50813
50883
51046
51173
51516
51677
51865
56410
56638
56767
56778
56878
57052
57791
59769
59915
60110
60155
60214
60229
60277
60499
60888
60924
61054
61145
61186
61194
61314
62017
62129
62168
62431
62455
135343
196737
197822
197853
197953
197957
198046
198260
198301
198528
198553
198555
198625
198812
198836
198993
199027
199170
199200
199323
199326
199336
199346
199368
199373
199559
199588
199687
199873
200046
200186
200363
200451
200500
200562
200565
200807
200824
200946
200947
200948
201000
201111
201255
201286
201310
201428
201607
201614
201783
201918
202148
202823
202899
203060
203239
203262
203366
203381
203754
204210
204458
204536
204597
204882
204990
205088
205189
205282
205437
205481
205494
205587
205653
205743
205789
205967
206132
206290
206309
206422
206514
206577
206663
206695
206704
206723
206746
206824
206998
207044
207127
207266
207319
207662
207726
207885
208114
208116
208539
208768
209285
209312
209449
209504
209506
209519
209539
209676
209924
209975
210045
210568
210680
210723
211024
211054
211086
211129
211200
211232
211439
211469
211535
211638
211771
212028
212312
212353
212493
212893
212925
213040
213128
213231
213236
213368
213463
213483
213576
213849
213991
214355
214388
214609
214611
214744
214747
214973
215045
215440
215477
215733
216133
216153
216302