378
1680
3288
4516
5486
5540
5585
6810
8203
8551
8584
8738
8867
8894
8948
8958
9071
9116
9117
12400
12491
12517
12619
12736
12753
12802
12849
12988
13035
13073
13074
13093
13150
13240
13264
15526
15643
15823
15976
16061
16116
16158
16370
20598
20623
20645
20800
20841
21145
21350
21363
21450
21486
25003
25046
25052
25125
25228
25235
25237
25565
28783
29149
29165
29410
29585
30744
30866
31162
31391
31417
31578
33802
33914
34380
34825
34852
34886
34919
34935
35016
35091
35142
35243
35392
35435
35438
35532
35553
35560
35758
38992
39076
39159
39213
39274
39343
39768
41042
41116
41304
41346
41394
41714
41923
41924
41927
42243
42316
42475
42647
42793
42925
42994
43165
43181
43194
43381
43423
43438
43514
43739
43842
43871
44060
44282
44367
44427
44435
44576
44669
44709
44846
47135
47665
47766
47770
47956
47961
47962
47997
48068
48851
49069
49076
49157
49308
49391
49456
49484
49501
49771
50006
50079
50081
50237
50318
50365
50440
50454
50463
50549
50744
50865
50995
51385
51587
51617
51651
51825
51902
56473
56596
56804
56839
56914
57035
57666
57721
57727
57731
57862
58182
59648
59651
60636
60886
60960
61102
61149
61365
197012
197538
197797
197819
197850
198114
198256
198425
198492
198521
198773
198949
198986
199115
199267
199270
199391
199393
199836
199989
200309
200343
200433
200478
200495
200742
201025
201073
201076
201088
201156
201397
201415
201418
201833
201857
202001
202102
202122
202320
202356
202369
202447
202597
202769
202940
203009
203077
203110
203124
204257
204395
204528
204763
204814
204831
205203
205209
205303
205564
205577
205650
205870
206020
206056
206106
206400
206446
206531
206604
206614
206815
206875
206950
207007
207052
207106
207260
207285
207331
207444
207588
207591
207605
207667
208088
208113
208362
208465
208581
208611
208666
208905
209028
209443
209472
209514
209750
209753
209876
210008
210290
210371
210455
210515
210550
210560
210625
210991
211163
211236
211329
211367
211518
211681
211802
211824
211880
211923
212166
212307
212361
212383
212466
212527
212612
212616
212644
212698
212719
212870
212927
212937
213038
213055
213079
213168
213176
213225
213232
213256
213284
213302
213378
213391
213442
213487
213564
213783
213837
213932
214128
214230
214497
214523
214635
214863
214991
215101
215107
215141
215229
215283
215309
215333
215423
215460
215751
215939
216130
216162
216266
216306