2697
3969
4754
4755
4758
4797
7487
7494
7593
7633
9223
9227
9238
9285
9347
9396
9414
9430
9437
9442
9498
9501
9540
9558
9580
9583
9653
9666
9730
9752
9796
9829
9830
9836
9885
9941
10029
10077
10121
10123
10125
10199
10201
10215
10225
10239
17423
17426
17436
17439
17443
17446
17447
17453
17465
17466
17483
17488
17495
17566
17624
17625
17648
17665
17729
17747
17748
17753
17754
17762
17771
17783
17786
17803
17810
17813
17820
17825
17891
17903
17908
17912
17913
17917
18002
18008
18061
18101
18105
18120
18166
18167
18196
18207
18209
18211
18223
18225
18229
18404
23664
23682
23726
23770
23772
23860
23870
23872
23901
23903
23941
23957
23976
23984
23994
24003
24029
24041
24044
24049
24055
24084
24103
24109
24118
24127
24178
24185
24186
24193
24216
24222
24232
24309
24327
24332
24374
24391
24392
24397
24448
24457
24468
24470
24471
24485
24486
24501
24508
24515
24539
24554
24558
24560
24571
24574
35672
37934
37986
37991
38000
38015
38021
38029
38039
38053
38058
38139
38174
38185
38188
38191
38204
38205
38207
38224
38233
38241
38261
38266
38271
38275
38304
38306
38310
38312
38314
38457
38461
38468
38476
38529
38536
38538
38546
38557
38571
38573
38594
38596
38615
38617
38620
38625
38720
38743
38746
38799
38806
38810
38857
38872
38874
38902
39486
43027
44144
44331
45117
45119
45148
45150
45153
45154
45184
45189
45194
45205
45219
45232
45235
45243
45264
45271
45272
45284
45334
45335
45337
45340
45350
45357
45415
45417
45432
45433
45466
45469
45487
45513
45514
45518
45519
45525
45526
45528
45535
45536
45573
45582
45591
45596
45609
45624
45625
45635
45636
45644
45648
45649
45655
45660
45661
45663
45693
45742
45747
45749
45760
45765
45767
45769
45775
45801
45804
45813
45815
45820
45825
45829
45830
45833
45841
45850
45851
45854
45857
45859
45884
45885
45916
45927
45942
45944
45954
45955
46068
46071
49378
55296
55333
55341
55351
55353
55360
55398
55410
55412
55428
55429
55433
55441
55446
55448
55459
55460
55470
55474
55479
55494
55507
55510
55526
55529
55535
55540
55557
55563
55566
55570
55574
55577
55578
55637
55644
55705
55709
55711
55712
55713
55717
55734
55740
55741
55756
55757
55764
55779
55780
55782
55804
55806
55814
55824
55831
55832
55836
55839
55847
55862
55879
55918
55947
56056
56061
56064
56077
56093
56097
56107
56108
56110
56124
56125
56166
56201
56202
56209
56224
56268
56272
56278
56283
56285
56290
56315
58371
58405
58419
58428
58432
58438
58457
58462
58522
58529
58537
58577
58585
58590
58594
58597
58608
58640
58641
58659
58664
58671
58678
58693
58700
58702
58714
58725
58758
58872
58875
58880
58897
58909
58925
58949
58954
58963
58976
58990
59161
59261
59319
59331
59335
59336
59379
63847
63935
64067
64071
64088
131169
131170
131181
131190
131210
131215
131223
131226
131232
131235
131250
131255
131256
131262
131263
131265
131269
131277
131283
131299
131302
131308
131317
131333
131442
131453
131458
131459
131463
131468
131473
131787
131788
131993
131997
132004
132005
132028
132043
132044
132051
132052
132065
132075
132089
132090
132091
132108
132112
132114
132115
132116
132122
132135
132137
132144
132150
132151
132152
132166
132171
132175
132194
132208
132215
132220
132224
132234
132239
132244
132249
132251
132272
132278
132296
132303
132308
132311
132314
132317
132322
132323
132329
132334
132335
132338
132343
132346
132349
132351
132353
132358
132371
132377
132378
132383
132384
132388
132390
132401
132410
132413
132415
132417
132420
132423
132428
132440
132441
132445
132453
132460
132463
132470
132477
132485
132497
132506
132507
132515
132527
132535
132538
132539
132540
132542
132547
132550
132555
132562
132587
132613
132711
132717
132729
132746
132787
132830
132860
132867
132871
132878
132893
132903
132911
132921
132922
133028
133032
133036
133037
133055
133069
133082
133087
133088
133221
133230
133320
133324
133367
133386
133388
133412
133469
133482
133491
133505
133552
133580
133589
133619
133638
133660
133661
133666
133667
133750
133768
133856
133860
133872
133883
133917
133951
133961
134071
134109
134173
134177
134212
134225
134230
134235
134246
134261
134262
134352
134375
134411
134426
134430
134450
134452
134465
134470
134475
134512
134513
134540
134556
134606
134674
134701
134793
134796
134799
134803
134814
134819
134822
134834
134838
134848
134921
134927
134928
134964
134975
134986
135029
135031
135035
135036
135082
135086
135133
135136
135138
135139
135170
135272
135278
135299
135320
135364
135383
135397
135404
135422
135434
135500
135557
135569
135602
135608
135619
135644
135678
135772
135773
135778
135794
135795
135817
135818
135858
135859
135884
136005
136033
136034
136138
136153
136166
136171
136172
136179
136230
136236
136252
136271
136278
136437
136447
136449
136470
136475
136481
136483
136505
136575
136590
136607
136622
136625
136720
136721
136801
136807
136814
136890
136894
136902
136926
136932
136944
136946
136956
136985
136987
137000
137004
137035
137076
137082
137191
137210
137225
137249
137279
137282
137389
137398
137488
137494
137497
137504
137564
137583
137586
137817
137836
137849
137851
137931
137956
137972
138012
138035
138154
138155
138159
138161
138162
138176
138202
138219
138220
138242
138389
138411
138425
138518
138520
138531
138565
138639
138671
138696
138702
138922
138942
138957
138972
139063
139066
139068
139195
139199
139211
139234
139269
139318
139320
139331
139463
139477
139624
139684
139784
139788
139789
139794
139818
139847
139864
139884
139893
139894
139911
139916
139926
140033
140034
140106
140108
140209
140218
140233
140242
140506
140540
140543
140545
140574
140580
140589
140601
140621
140641
140681
140687
140704
140871
140911
140912
140924
140947
140953
141004
141014
141018
141019
141148
141156
141193
141202
141213
141222
141241
141374
141383
141388
141406
141416
141420
141449
141453
141464
141472
141476
141688
141690
141728
141741
141751
141752
141772
141783
142011
142027
142057
142137
142144
142151
142154
142163
142413
142417
142430
142439
142575
142582
142614
142646
146846
146964
147177
147183
147185
147186
147189
147191
147305
147306
147316
148795
148992
149005
149013
149180
149422
149447
149477
149486
149507
149525
149655
149779
149781
149794
149797
149798
149823
149838
149842
149856
149871
149982
150007
150109
150118
150136
150140
150151
150163
150303
150339
150383
150386
150398
150400
150402
150560
150678
150694
150702
150743
150751
150794
151082
151186
151199
151205
151325
151335
151344
151347
151415
151656
151661
151666
151670
151671
151676
151679
151784
151787
151801
151815
151821
151845
151966
151986
151988
152096
152101
152109
152129
152162
152298
152303
152323
152341
152454
152468
152483
152586
152594
152651
152686
152696
152702
152710
152715
152720
152721
152731
152881
152895
152897
152924
153040
153045
153051
153056
153161
153181
153203
153313
153318
153328
153366
153367
153393
153396
153473
153489
153512
153518
153522
153531
153564
153581
153603
153605
153632
153637
153672
153674
153687
153700
153709
153714
153721
153733
153738
153744
153751
153754
153756
153759
153761
153784
153786
153791
153795
153798
153819
153821
153826
153841
153842
153845
153851
153865
153866
153870
153878
153881
153897
153901
153905
153909
153913
153914
153926
153931
153949
153953
153955
153970
153973
153984
153990
154000
154001
154011
154015
154019
154024
154029
154032
154035
154043
154048
154051
154055
154057
154059
154063
154065
154068
154072
154076
154079
154081
197555
199347
200169
202340
203020
203145
203999
204287
206376
207704
207941
207990
210846
210921
211014
211242
213167
213186
213326
213371
213574
213655
213711
213862
214122
214174
214441
214485
214543
214571
214655
214676
214832
215117
215214
215381
215991
216032
216452