3178
3194
12952
21277
34515
34929
35160
39216
41032
41805
43836
44217
48175
48407
48492
48980
49110
49571
49760
50597
51018
51020
51539
51684
52059
56484
57053
57324
57588
57761
57908
57958
58322
59422
59458
59588
59625
59924
60145
60540
60663
60815
61271
62223
62368
62419
197305
197390
197421
197882
197893
198169
198183
198589
198666
198735
199618
199826
200004
200178
200179
200200
200485
200654
200865
201031
201089
201145
201320
201668
201749
202055
202201
202316
202354
202366
202651
202672
202699
202777
203091
203214
203217
203257
203409
203459
203653
203735
203764
203811
203904
203982
204149
204152
204249
204331
204473
204583
204798
205049
205169
205254
205371
205470
205473
205800
205814
205889
205906
206190
206206
206391
206471
206611
206641
206706
206736
206893
207097
207138
207264
207281
207442
207462
207484
207565
207786
207811
207928
208023
208115
208131
208293
208306
208324
208365
208570
208859
208866
209193
209253
209273
209348
209565
209733
210001
210016
210021
210022
210066
210095
210162
210194
210402
210413
210509
210513
210837
210885
211090
211100
211145
211181
211235
211341
211413
211513
211534
211732
211841
211888
211908
211970
211986
212088
212101
212203
212250
212280
212330
212338
212376
212460
212573
212648
212692
212756
212850
213098
213149
214359
214739
214774
214893
215160
215311
215369
215597
215668
215732
215801
215839
215917
215970
216098
216196
216346
216399
216461