1850
6677
12969
15474
21268
24743
25244
25509
29348
29689
30818
31236
31410
31441
34678
35834
39418
39472
39532
42888
43571
43892
44275
44515
44644
44735
44925
47545
47828
48568
48685
50613
51019
51296
51829
51896
56704
57508
57729
57759
59396
60259
60300
60690
62199
197403
197973
198815
199844
200432
200651
200868
201849
201885
202030
202247
202868
203176
203322
203566
203590
203715
204588
205436
206010
206440
206669
206743
206842
208181
208548
209214
209356
209933
210080
210747
211589
211734
211757
211815
212771
212926
213364
214144
214185
214215
214718
215608
215793
215823
216017
216293