137
1267
1268
1269
2038
2039
2040
2593
2594
2595
2596
2597
2598
3242
3269
3275
3302
3313
5382
5392
5394
5396
5397
5398
5502
5535
5602
5609
6665
6691
6734
6762
6831
6836
6882
8217
8224
8234
8244
8265
8463
8612
8660
8671
8816
8822
8855
8884
8911
8968
9026
9076
9104
9137
12309
12340
12363
12428
12445
12465
12468
12474
12481
12498
12505
12515
12533
12551
12559
12637
12650
12663
12734
12779
12797
12835
12839
12850
12874
12906
12922
12954
13018
13060
13097
13113
13160
13180
13182
13183
13253
13254
13284
15437
15469
15472
15515
15529
15553
15584
15589
15605
15607
15660
15663
15691
15720
15746
15779
15807
15831
15887
15923
15981
16004
16027
16035
16052
16076
16122
16141
16161
16191
16210
16232
16297
16379
18918
20487
20522
20554
20580
20604
20658
20697
20745
20746
20794
20811
20819
20836
20912
20924
20942
20958
20959
20972
20981
20992
20993
21006
21014
21034
21056
21058
21074
21086
21101
21115
21134
21176
21309
21333
21429
21451
21454
21469
24608
24717
24749
24771
24780
24796
24817
24869
24880
24994
25002
25156
25300
25301
25305
25309
25350
25488
25518
25569
28675
28716
28742
28767
28791
28831
28929
28941
28977
28999
29036
29050
29082
29094
29177
29270
29286
29312
29419
29438
29449
29598
29609
30722
30848
31033
31034
31043
31067
31086
31087
31115
31121
31144
31222
31248
31263
31319
31403
31467
31495
31516
31570
31611
31617
31638
31686
33942
33964
33986
34081
34216
34405
34428
34599
34606
34613
34618
34650
34658
34680
34691
34699
34731
34758
34759
34971
34978
35006
35051
35066
35105
35110
35114
35130
35131
35146
35172
35193
35314
35357
35359
35485
35514
35519
35574
35590
35612
35617
35762
35836
39019
39120
39217
39250
39423
39448
39479
39514
39616
39636
39657
39719
39729
39739
39808
39825
39874
39887
39926
41050
41094
41100
41160
41169
41277
41325
41327
41364
41381
41470
41497
41606
41644
41651
41720
41734
41827
41836
41849
41974
41986
42176
42180
42345
42425
42463
42515
42538
42550
42650
42658
42665
42669
42692
42764
42818
42833
42933
42985
43185
43279
43286
43364
43369
43602
43611
43625
43648
43731
43756
43817
43843
43923
43942
43954
43960
43976
43988
43989
44062
44084
44091
44092
44160
44219
44241
44473
44485
44512
44513
44567
44652
44701
44721
44741
44747
44767
44793
44809
44831
44908
44920
44936
44939
44942
44957
45015
45041
47136
47152
47178
47187
47217
47224
47242
47254
47406
47408
47473
47514
47568
47597
47646
47735
47875
47902
47912
47927
47986
48135
48235
48251
48382
48394
48423
48500
48544
48577
48617
48634
48751
48769
48815
48862
49073
49088
49119
49215
49245
49265
49284
49289
49355
49360
49367
49431
49524
49535
49597
49605
49640
49653
49709
49727
49733
49772
49924
49976
49979
49991
50112
50178
50196
50201
50316
50352
50376
50394
50417
50428
50486
50507
50541
50552
50627
50839
50877
50891
50909
51001
51065
51139
51185
51233
51300
51333
51344
51499
51502
51569
51580
51616
51679
51708
51710
51853
51872
51940
52030
52054
52083
52109
52164
56320
56327
56346
56366
56376
56472
56488
56550
56559
56602
56641
56754
56781
56786
56911
56941
56962
57039
57111
57142
57144
57264
57300
57329
57343
57394
57454
57469
57505
57507
57525
57558
57698
57817
57846
57913
58039
58082
58088
58113
58150
58154
58177
58253
58316
59419
59429
59453
59699
59715
59755
59761
59766
59777
59829
59862
59919
59987
60017
60019
60023
60049
60070
60087
60227
60236
60260
60409
60432
60443
60451
60460
60475
60501
60511
60530
60559
60706
60756
60772
60783
60798
60803
60814
60822
60943
60975
60989
61000
61079
61182
61315
61968
62007
62009
62054
62092
62093
62166
62233
62275
62290
62381
62398
63017
64420
64445
196654
196708
196749
196753
196784
196865
196880
196892
196919
196956
196959
196966
196983
197022
197075
197211
197290
197293
197440
197506
197589
197650
197664
197807
197825
197835
197845
197859
197891
197947
197948
197954
198013
198017
198045
198049
198059
198090
198102
198128
198166
198240
198257
198291
198292
198319
198320
198349
198363
198366
198380
198387
198399
198434
198462
198471
198634
198721
198747
198772
198800
198830
198843
198898
198916
198919
199017
199026
199039
199042
199084
199094
199162
199181
199182
199202
199237
199288
199309
199321
199324
199342
199348
199352
199362
199461
199477
199509
199532
199536
199547
199606
199617
199666
199699
199744
199837
199838
199864
199941
199947
200034
200036
200043
200073
200100
200108
200148
200156
200199
200254
200311
200345
200375
200409
200424
200448
200480
200497
200522
200542
200547
200553
200583
200604
200616
200689
200752
200760
200761
200767
200786
200794
200799
200813
200818
200854
200858
200873
200880
200887
200901
200944
200984
201045
201058
201095
201102
201127
201175
201183
201198
201220
201333
201352
201362
201367
201462
201474
201483
201502
201509
201518
201565
201602
201620
201722
201747
201795
201806
201847
201877
201919
201935
201946
201947
202017
202056
202074
202094
202095
202098
202132
202146
202193
202242
202258
202308
202323
202339
202346
202347
202371
202382
202460
202500
202507
202514
202523
202552
202613
202617
202675
202704
202709
202761
202785
202803
202870
202889
202896
202950
202975
203059
203073
203089
203150
203180
203201
203223
203265
203294
203336
203367
203419
203461
203462
203469
203485
203489
203525
203528
203540
203591
203601
203612
203672
203713
203726
203787
203847
203848
204060
204096
204107
204118
204121
204158
204176
204180
204235
204280
204309
204326
204358
204366
204379
204386
204389
204404
204431
204471
204482
204504
204508
204546
204578
204593
204605
204611
204614
204622
204651
204664
204689
204694
204739
204760
204795
204809
204903
204923
204940
204947
204958
205005
205032
205051
205099
205139
205195
205219
205260
205274
205276
205284
205322
205330
205358
205385
205451
205493
205498
205525
205636
205704
205716
205727
205729
205732
205850
205853
205891
205925
205926
205985
206004
206022
206025
206035
206122
206135
206173
206182
206191
206205
206207
206222
206267
206299
206302
206343
206355
206380
206459
206460
206476
206498
206539
206588
206598
206615
206617
206655
206658
206693
206701
206732
206737
206738
206789
206801
206811
206821
206864
206867
206868
206881
206947
206952
206961
206966
206988
206992
207013
207018
207022
207028
207029
207042
207054
207109
207132
207145
207146
207157
207222
207227
207237
207342
207356
207434
207453
207516
207545
207546
207554
207578
207590
207594
207606
207623
207631
207635
207638
207669
207697
207715
207725
207739
207761
207798
207799
207823
207905
207937
207964
207972
207985
207989
208000
208010
208011
208017
208018
208019
208110
208132
208166
208171
208200
208211
208215
208244
208267
208296
208328
208337
208354
208376
208432
208437
208449
208469
208496
208499
208516
208523
208532
208578
208598
208642
208716
208753
208761
208775
208779
208788
208808
208851
208862
208867
208873
208877
208919
208920
208934
209026
209058
209071
209076
209102
209137
209138
209151
209172
209182
209191
209204
209209
209222
209234
209246
209301
209345
209353
209358
209368
209387
209402
209408
209410
209418
209460
209529
209572
209583
209591
209624
209629
209631
209634
209646
209757
209780
209865
209887
209902
209970
209987
209992
210026
210129
210144
210159
210172
210204
210218
210224
210238
210278
210280
210452
210524
210534
210569
210598
210637
210638
210640
210657
210687
210826
210869
210875
210917
210936
210963
211062
211063
211084
211102
211116
211122
211138
211152
211204
211219
211222
211257
211276
211278
211290
211312
211314
211358
211360
211391
211396
211414
211480
211482
211519
211538
211649
211661
211669
211702
211723
211740
211756
211782
211785
211865
211886
211896
211918
211934
211943
211991
212011
212054
212256
212271
212282
212349
212350
212373
212394
212417
212445
212467
212478
212508
212516
212539
212553
212559
212590
212602
212608
212639
212659
212680
212686
212696
212700
212726
212751
212753
212768
212891
213004
213013
213025
213063
213071
213082
213089
213096
213111
213123
213178
213224
213260
213315
213318
213338
213414
213444
213462
213485
213522
213573
213653
213677
213709
213762
213777
213791
213844
213847
213967
213970
213972
213981
214050
214094
214148
214164
214169
214219
214245
214282
214343
214412
214435
214443
214458
214484
214620
214677
214764
214797
214925
215026
215057
215091
215118
215146
215186
215209
215288
215337
215345
215385
215511
215536
215643
215664
215687
215706
215824
215830
215831
215867
215873
215933
215984
216019
216108
216141
216164
216172
216221
216257
216309
216315
216359
216395
216410
216418