173
945
1233
2497
2554
2907
2915
3258
3391
3488
3510
3775
4251
4629
4672
4683
4774
4777
4785
7500
7603
7660
9222
9349
9409
9434
9466
9591
9625
9743
9824
9904
9909
9928
9935
9990
10026
10033
10124
10209
10807
17503
17661
17673
17707
17795
17801
17905
17930
17977
18050
18067
18084
18085
18121
18193
18258
18259
18289
18290
18383
18526
23612
23661
23663
23720
23748
23761
23773
23885
23929
23967
24047
24056
24121
24229
24248
24336
24477
24512
24567
24572
26132
37888
37981
37982
37984
38033
38043
38074
38080
38215
38222
38462
38610
38627
38715
38895
45217
45436
45672
45846
46953
49671
51044
54415
55372
55569
55748
55817
55873
55888
55949
56023
56024
56033
56218
56291
58535
58645
58784
59091
59118
59349
60445
62184
63000
63524
63770
63917
63978
63997
131073
131077
131106
131152
131893
131904
131905
132024
132119
132120
132211
132373
132496
132504
132592
132726
132827
132888
133180
133203
133229
133445
133458
133476
133782
133795
133869
133900
134351
134358
134396
134473
134532
134827
135161
135304
135372
135573
136178
136407
136506
136586
136779
136796
137008
137072
137407
137445
137508
137819
137912
138033
138038
138181
138328
138384
138515
138632
138652
138695
138968
138986
139072
139076
139255
139345
139358
139468
139470
139472
140237
140306
140501
140642
140683
140701
140868
141348
141694
141757
142052
142165
142584
142622
146968
147035
147058
147295
147311
148985
149428
149993
150143
150296
150298
150314
150355
150685
150810
151013
151065
151067
151195
151350
151371
151401
151602
152184
152467
152645
152724
152728
152858
152925
153360
153832
153929
199108
199266
199436
201197
203577
210542
210717
211252
212259
213164
213471
213604
214430
214675
214699
214772
215239
215871
216006
216447
401111
401655