12455
12556
15399
15808
16907
30896
30994
33770
33771
36866
36904
36914
36915
36926
36948
36967
36975
36987
37019
37044
37052
37061
37109
37129
37156
37165
37166
37210
37219
37244
37247
37261
37274
37298
37305
37307
37319
37346
37354
37421
37470
37499
37535
37578
37579
37601
37684
37685
37704
37732
37770
37786
37789
37804
134398
207113
327689
327713
327748
327753
327766
327780
327789
327793
327884
327906
327927
327945
327963
327972
327977
327994
328087
328089
328090
328093
328100
328103
328132
328142
328162
328192
328201
328225
328271
328296
328298
328301
328302
328331
328354
328380
328392
328465
328466
328475
328477
328479
328482
328490
328578
328592
328606
328636
328637
328652
328705
328724
328734
328739
328753
328782
328784
328793
328800
328804
328808
328815
328835
328836
328846
328847
328856
328858
328862
328883
328892
328906
328944
328975
328977
328978
328986
328987
328989
328993
328994
329002
329014
329021
329026
329029
329033
329044
329074
329087
329093
329101
329110
329111
329135
329152
329157
329167
329170
329174
329177
329183
329190
329192
329198
329201
329205
329211
329239
329246
329254
329255
329257
329261
329262
329272
329278
329288
329302
329311
329313
329324
329341
329354
329367
329373
329378
329379
329382
329387
329390
329403
329409
329411
329417
329418
329419
329421
329422
329424
329426
329437
329451
329452
329468
329475
329492
329497
329504
329518
329528
329535
329538
329539
329552
329556
329562
329582