7712
9900
9902
17726
17976
17981
18014
23673
24325
24441
24478
24492
37971
38209
38235
38286
38600
38623
38901
45348
45498
55329
55440
55559
55582
55636
55769
55928
58424
58465
59318
131178
131186
131203
131207
131238
131241
131309
132025
132080
132098
132213
132350
132590
132599
132730
132820
133200
133378
133416
133588
133941
134136
135286
135295
135333
135375
135380
135429
135664
136379
136583
136764
136967
136998
137066
137206
137236
137281
137413
137440
137499
137503
137537
137551
137811
137820
137829
137853
137952
137966
137989
138010
138160
138340
138429
138528
138579
138580
138629
138643
138666
138682
138690
138930
138999
139044
139056
139060
139258
139285
139353
139588
139628
139821
139844
139871
140659
140974
141370
141761
141993
142024
142296
146995
147011
147023
147056
149177
149294
149448
149634
149828
150158
150295
150381
150444
150796
151622
151654
151795
151816
151977
152301
152452
152901
153715
153864