1237
1704
1781
2385
2563
3357
3559
3608
3748
3757
3784
3786
3813
3825
3976
4040
4060
4202
4660
4663
4664
4665
4666
4668
4669
4670
4671
4745
4753
4756
4757
4766
4790
4861
4961
5051
6068
6619
7557
7620
9270
9286
9316
9452
9487
9521
9568
9628
9683
9753
9840
9884
9943
10034
10088
10154
17567
17832
18023
18026
18028
18031
18038
18157
18160
18163
18168
18169
18174
18176
18294
18373
18401
23552
23668
23713
23714
23716
23743
23759
23908
23971
23972
23975
23980
23989
24022
24026
24509
38086
38240
38387
38660
44992
45360
45502
45560
45963
55416
55584
131092
131791
132380
133059
133463
135605
135669
136747
136800
137447
138195
138380
139281
139286
139311
139648
140322
140894
141191
142273
142409
147036
149522
150414
150805
151349
151810
152196
152671
152878
153589
153782
153894
153993
153997
198959
198989
200965
202002
202348
203040
210138
210576
211977
211979
212388
213800
213977
214166
214189
214510
214765
215087
215190
215343
216042
216216
216278
216294
216362