3225
9155
16060
21050
24627
25122
25242
29029
29237
29357
35181
35512
39504
39682
41576
41669
41890
42606
42642
42781
42961
43080
43158
43184
43216
43852
47316
47442
47519
47589
49104
49205
50475
50774
51080
51914
52081
56680
56753
57278
57714
57719
60661
60992
61089
196659
196820
196921
197456
198019
198392
199526
199616
199729
199869
201378
201756
202414
203147
203308
204367
204638
205554
205780
206879
207450
208125
208233
208710
208899
209068
210245
210270
211372
211394
212090
213397
213749
214059
215053
215696
215713