8200
8393
8430
8720
9198
13082
15549
15736
20578
21282
21299
25349
25534
25548
25559
29046
29355
29555
31253
31465
31525
33878
35104
35168
35566
35673
35794
39188
39221
39318
39433
39510
39725
39786
39824
41007
41124
41284
41371
41413
41419
41520
41798
41800
42447
42588
42770
43215
43370
43601
43606
43873
43934
43994
43999
44025
44173
44256
44653
44877
48007
48334
48450
48502
48503
48716
49089
49108
49393
50107
50386
50482
50756
51162
51192
51340
51363
51833
51878
51979
51997
56549
56568
57008
57013
57466
57784
57826
57950
58033
58172
58289
59443
59583
59937
60186
60286
60411
60708
60757
60930
61185
61367
61392
62062
62394
197079
197487
197556
197686
197968
198084
198200
198229
198483
198803
200067
200218
200349
200532
200590
200688
200721
200962
201179
201242
201817
202293
202299
202527
202927
202958
203087
203167
203481
203886
204514
204706
204804
205231
205516
205559
205667
206026
206329
206528
206768
207304
207333
207383
207446
207507
207966
208077
208167
208295
208356
208448
208450
208602
208664
208795
208946
209120
209416
209614
209665
209702
209939
210006
210195
210273
210399
210435
210459
210512
210531
210581
210663
210686
210976
211004
211028
211160
211553
211644
211792
211806
211849
211971
212013
212086
212189
212314
212735
212835
212940
212999
213048
213146
213217
213662
213841
214193
214200
214461
214500
214706
214748
214750
214789
214830
215040
215094
215183
215360
215670
215735
215802
215947
215953
216136
216175
216202
216384
216473