3176
3290
8699
9051
12376
12590
12812
13044
15511
15739
16130
16169
20874
24634
24892
24982
25281
25471
25491
28958
29027
29070
29099
29623
31037
31126
31390
31587
34032
34062
34113
34370
34447
34458
34741
34763
34884
35197
35732
38999
39010
39190
39275
39402
39868
39918
41068
41211
41833
41956
42003
42020
42183
42334
42828
42835
42852
43004
43019
43056
43791
43824
44189
44870
44979
47701
47719
47760
48206
48253
48418
48629
48740
48847
49020
50500
50770
51104
51938
52100
56337
56530
56902
57133
57256
57513
57778
57852
57914
57937
59931
59989
60372
60398
60406
60524
60972
60999
61113
61172
61252
62100
62144
64443
197674
198065
198867
199239
199557
199643
200817
201107
201120
201544
202772
202987
203134
203586
203615
203637
203763
203827
204122
204352
204356
204429
204434
204565
204566
205015
205348
205423
205578
206169
206197
206360
206406
206472
206485
206494
206519
206550
206911
207445
207493
208007
208122
208234
208326
208403
208669
208815
208923
209211
209354
209654
209685
209948
209969
210264
210292
210318
210823
212435
212851
212946
213962
214728
215650
215868
215937