2847
3266
5479
5522
6769
8314
8486
8764
8849
8892
12539
13194
13260
15419
15440
15908
15911
15995
16125
20846
21031
21211
21412
21420
24607
24645
24825
24852
24877
25190
25406
28917
30775
31114
33922
34037
34120
34842
34857
34961
35135
35384
35441
35500
39007
39067
41228
41506
42181
42549
42657
42774
42887
42979
43151
43482
43586
43627
43700
43811
44246
44358
44571
44613
44771
47205
47341
47512
47609
47929
49287
49550
49602
49912
50065
50098
50256
50297
50320
50610
50962
51107
51172
51247
51259
51388
51719
51802
56413
56630
56847
57289
58146
59642
59821
59874
59939
60099
61053
61091
61272
62179
62260
62282
62304
133944
150445
196852
197225
198009
198345
198651
199527
199737
200009
200017
200216
201096
201201
201207
201260
201341
201959
202044
202085
202304
202490
202496
202725
203061
203098
203783
204057
204315
204335
204390
204746
204770
204967
205227
205659
205686
205688
205964
206029
206633
207186
207291
207452
207785
208084
208119
209161
209461
209605
209709
209713
209989
210000
210126
210175
210242
210647
210906
210948
211146
211336
211373
211415
211432
211440
211614
211743
211832
211872
212046
212062
212102
212144
212335
212384
212531
212609
212669
212822
212853
212872
212980
213322
213365
213476
213772
213896
214027
214159
214208
214794
215038
215294
215426
215427
215434
215568
215726
215819
215899
216050
216215
216349
216444