2602
3347
5577
6661
6891
8632
9008
12684
13088
15780
15814
15965
20501
21179
21484
24611
25094
25273
25367
29467
34655
34683
34769
35446
41273
41589
42848
43375
43719
44295
44708
44818
47137
47944
48526
48968
49624
49813
50184
50754
51405
51497
51966
56665
57205
57231
57644
58049
60288
60319
60391
60497
60525
60725
60752
61327
62192
62219
62285
197264
197415
197692
197869
197925
198095
198097
198191
198290
199245
199511
199524
200126
200129
200331
200617
201187
201441
201507
201554
201710
201740
201973
202422
202438
203055
203143
203398
203789
203793
203944
204025
204279
204299
204313
204403
204803
205267
206504
206609
206610
207188
207574
207845
207870
207917
208374
209305
209333
210103
210145
210559
210834
210872
211018
211093
211435
211719
211999
212218
212389
212541
212568
212630
212814
212882
213216
213632
213785
214004
214418
214587
215667
215669