1547
8474
8917
8923
8926
9152
9199
12450
15836
25129
25319
25454
25455
25527
28990
29616
29654
31204
31252
31557
31580
34529
34645
35210
35346
35525
35534
39279
39690
39798
41171
41221
41712
41879
42424
42694
42881
43094
43285
43289
43456
43588
43768
43783
43818
43870
43925
44388
44477
44589
44774
47500
48232
48296
48331
48480
48506
48644
48691
48753
48974
49006
49443
49527
49560
49691
49947
50084
50138
50704
50950
50968
50976
51056
51141
51246
51267
51770
51846
51954
52097
56380
56491
56772
56792
57428
57713
57776
57916
58118
58311
59733
59841
60127
60405
60514
60581
60602
61077
61208
61334
62013
62071
62154
62232
62281
62337
64453
199308
200019
200189
200640
201148
201670
201813
202469
202470
202475
202511
202722
202723
202822
202931
202943
202960
202965
202966
203025
203624
203950
204421
204467
204794
204838
204868
204872
205124
205301
205606
205745
205770
205835
205884
205911
206005
206017
206068
206085
206127
206305
206340
206413
206535
206552
206560
206582
206590
206622
206623
206644
206654
206678
206698
206744
206750
206847
207159
207164
207238
207246
207636
208062
208299
208317
208343
208671
209331
209375
209396
209482
209640
209868
209883
209889
209896
209908
209944
209945
209961
209963
209982
210027
210448
211180
211279
211504
211531
211807
212786
213137
213400
213705
214788
215059
216137
216303