9333
9654
9988
18399
45558
58952
63852
63982
63998
131322
131331
132026
132038
132060
132100
132148
132167
132344
132537
132686
133384
133385
133392
133433
133440
133524
134105
134484
134528
134714
134736
134739
134840
134846
134976
135111
135149
135300
135307
135371
135405
135427
135433
135589
136168
136177
136205
136210
136229
136255
136442
136465
136474
136480
136613
136617
136752
136780
136786
136789
136919
136975
137069
137259
137424
137431
137560
137826
137861
137878
137888
137891
137955
138158
138166
138167
138168
138617
138634
138656
138684
139003
139017
139051
139058
139071
139206
139595
139608
139620
139658
139692
139704
139711
139719
139766
139804
139822
139849
140091
140552
140617
140997
141015
141199
141216
141236
141704
142126
142423
142546
142644
147005
149029
149038
149054
149487
149521
149660
149810
149846
149855
150153
150159
150285
150297
150309
150310
150456
150692
150721
150736
150797
150812
151210
151341
151342
151482
151491
151606
151658
151783
151802
151826
151965
152140
152329
152447
152459
152466
152634
152663
153044
153188
153311
153319
153482
153549
153777
153790
153837
153998
154020
154064