278
1292
1831
1840
2549
2708
2739
2904
3141
3454
3484
3548
3596
3632
3640
3905
3968
4141
4242
4244
4493
5633
5708
6063
6084
6332
6342
6495
6503
6590
6927
6957
7002
7038
7056
7080
7120
7125
7149
7173
7184
7236
7325
7399
7408
7438
7906
7974
7995
8007
8024
8140
8151
10420
10436
10479
10560
10706
10847
11083
11087
11136
11172
11519
11617
11677
11888
12146
13440
13579
13591
13679
13999
14000
14122
14178
14249
15107
15236
16531
16596
16689
16762
16960
17072
17249
17250
18449
18532
18592
18734
18846
19038
19259
19332
19373
19688
20032
20173
21520
21603
21692
21768
22011
22122
22508
22529
22566
22882
22884
22889
22894
22908
23091
23353
23382
23495
25812
26595
26614
26618
26620
27661
27666
27667
27671
27672
27673
27681
27683
27689
27704
27705
27780
28371
28372
28373
28374
28375
28376
28377
28378
28381
28382
28383
28384
28385
28386
28387
28390
28391
28392
28393
28394
28395
28396
28397
28398
28399
28400
28403
28404
28405
28406
28407
28408
28409
28410
28411
28412
28413
28414
28415
28417
28418
28419
28420
28421
28422
28423
28424
28425
28428
28429
28431
28432
28433
28434
28435
28436
28437
28438
28439
28440
28441
28442
28443
28444
28445
28446
28447
28448
28449
28451
28452
28453
28454
28455
28456
28457
28458
28459
28460
28461
28462
28463
28464
28465
28466
28467
28468
28469
28472
28474
28475
28476
28477
28478
28479
28480
28481
28482
28483
28484
28485
28486
28487
28488
28489
28490
28491
28492
28493
28494
28495
28496
28497
28498
28499
28500
28501
28502
28503
28504
28505
28506
28507
28508
28509
28510
28511
28512
28513
28514
28515
28516
28517
28518
28519
28520
28521
28522
28523
28524
28525
28526
28529
28530
28531
28532
28533
28534
28535
28536
28537
28538
28539
28540
28541
28543
28544
28545
28546
28547
28548
28549
28550
28551
28552
28553
28554
28555
28556
28557
28558
28559
28560
28561
28563
28564
28566
28567
28569
28570
32069
40345
139235
140234
199751
200335
209245
213866
262912
262913
262914
262916
262920
262921
262922
262923
262924
262925
262926
262927
262936
262944
263114
263115
263123
263127
263134
263138
263141
263148
263149
263150
263157
263158
263167
265501
265502
265503
265504
265505
265506
265508
265509
265510
265511
265512
265513
265514
265515
265517
265518
265519
265520
265521
265523
265524
265525
265526
265527
265529
265530
265531
265533
265534
265535
265538
265539
265540
265541
265542
265545
265546
265547
265548
265549
265550
265551
265552
265553
265554
265555
265556
265559
265560
265561
265562
265564
265565
265566
265567
265568
265569
265570
265571
265572
265573
265574
265575
265576
265577
265578
265579
265580
265581
265582
265583
265584
265585
265586
265587
265588
265589
265590
265591
265592
265593
265594
265595
265596
265598
265599
265600
265601
265602
265603
265604
265605
265606
265607
265608
265609
265610
265611
265612
265613
265614
265615
265616
265617
265618
265619
265620
265621
265622
265623
265624
265625
265626
265627
265628
270109
270110
270111
270112
270113
270114
270115
270116
270117
270118
270119
270120
270121
270122
270123
270124
270125
270126
270127
270128
270129
270131
270132
270133
270134
270135
270136
270137
270138
270139
270140
270141
270142
270143
270144
270145
270146
270147
270149
270150
270151
270152
270153
270154
270155
270156
270157
270158
270159
270160
270161
270162
270163
270164
270165
270166
270167
270168
270169
270170
270171
270172
270173
270174
270175
270176
270177
270178
270179
270180
270181
270182
270183
270184
270185
270186
270187
270188
270189
270190
270191
270192
270193
270194
270195
270196
270197
270198
270199
270200
270201
270203
270204
270205
270206
270207
270208
270209
270210
270211
270212
270213
270214
270215
270216
270217
270218
270219
270220
270221
270222
270223
270224
270225
270226
270227
270228
270229
270230
270231
270232
270233
270234
270235
270236
272285
272286
272288
272289
272290
272291
272292
272294
272295
272297
272298
272299
272300
272301
272303
272304
272305
272309
272310
272311
272312
272313
272314
272315
272316
272317
272318
272319
272320
272321
272322
272323
272324
272325
272327
272328
272329
272330
272331
272332
272334
272335
272336
272337
272338
272339
272341
272343
272344
272345
272346
272347
272348
272349
272350
272352
272353
272355
272356
272358
272359
272361
272362
272363
272364
272365
272366
272367
272368
272369
272370
272371
272372
272373
272374
272375
272377
272378
272379
272381
272383
272384
272385
272386
272387
272388
272391
272392
272393
272394
272395
272397
272398
272399
272400
272401
272402
272403
272404
272405
272406
272407
272408
272409
272411
272412
273245
273246
273247
273248
273249
273250
273251
273252
273253
273254
273255
273256
273257
273258
273259
273261
273262
273263
273264
273265
273266
273267
273269
273270
273271
273272
273273
273274
273275
273276
273277
273278
273279
273280
273281
273282
273283
273284
273285
273286
273287
273288
273291