4634
4769
4788
4818
9534
9655
9728
9739
9930
9986
10030
10081
10204
10211
17464
17564
17650
17666
17736
17784
17971
17979
17992
18206
18227
23659
23678
23736
24020
24028
24063
24068
24090
24218
24314
24321
24442
24461
24514
37997
38005
38006
38044
38175
38182
38194
38199
38206
38208
38278
38322
38466
38792
38868
38891
45121
45144
45182
45220
45331
45344
45352
45410
45412
45419
45420
45512
45630
45668
45785
45808
45810
45839
45842
45909
45945
45960
46015
55405
55420
55482
55520
55571
55706
55710
55720
55724
55761
55799
55822
55840
55856
55951
56092
56109
56111
56140
56221
56229
56231
56286
58622
58812
58910
58983
59263
131103
131204
131310
131313
131330
131332
131684
131996
132022
132033
132035
132037
132111
132170
132196
132197
132198
132241
132274
132318
132319
132326
132354
132372
132376
132426
132432
132434
132435
132439
132444
132494
132512
132530
132531
132546
132625
132688
132689
132694
132704
132720
132837
132841
132850
132874
132882
132885
132890
132901
133014
133084
133086
133110
133113
133114
133135
133164
133169
133402
133408
133421
133437
133444
133457
133489
133490
133557
133609
133755
133847
133874
133889
133918
133936
134066
134069
134088
134107
134117
134126
134152
134168
134202
134232
134237
134360
134468
134553
134554
134573
134698
134704
134722
134797
134809
134847
135042
135109
135277
135394
135496
135542
135551
135553
135580
135591
135614
135622
136253
136412
136443
136492
136509
136520
136533
136536
136552
136727
136749
136751
136957
136962
136978
136983
137005
137027
137050
137240
137247
137397
137500
137510
137552
137839
137845
137923
137963
138008
138009
138040
138148
138188
138339
138359
138361
138391
138504
138663
138673
138935
138996
139075
139241
139250
139312
139332
139346
139605
139619
139725
139730
139733
139761
139765
139776
139815
139830
139877
139886
139899
139923
140092
140344
140586
140588
140615
140625
140710
140837
140866
140904
140909
140942
140970
140971
141011
141158
141200
141201
141206
141371
141407
141424
141441
141722
141774
141987
141999
142013
142030
142109
142148
142266
142288
142406
142412
142607
142612
142628
142631
146960
146993
147040
147296
147299
148977
148991
148994
149031
149051
149439
149440
149494
149761
149789
149849
150144
150160
150169
150172
150425
150455
150712
150734
151063
151345
151348
151406
151470
151478
151664
151806
151811
151813
151834
152113
152153
152174
152188
152195
152343
152453
152635
152652
152654
152673
152742
152847
152849
152927
153046
153058
153334
153348
153398
153706
153710
153930
153933
204710
205912
206018
207852
212083
214962