16284
25163
29091
29465
30984
30988
30998
35074
36872
36873
36920
36922
36923
36932
36933
36938
36940
36957
36970
36979
36993
37001
37004
37005
37018
37025
37056
37058
37076
37077
37088
37104
37106
37125
37127
37144
37148
37170
37178
37192
37194
37200
37207
37209
37222
37230
37248
37249
37258
37269
37280
37282
37286
37296
37297
37308
37328
37340
37345
37347
37369
37377
37398
37404
37405
37407
37420
37426
37433
37443
37445
37452
37472
37480
37490
37495
37506
37521
37522
37528
37540
37565
37567
37587
37588
37605
37629
37637
37657
37659
37660
37661
37676
37682
37686
37687
37688
37714
37783
37793
214354
215340
327684
327704
327705
327721
327729
327763
327784
327803
327810
327843
327891
327895
327898
327915
327924
327942
327952
327953
327981
327985
327986
328027
328034
328035
328053
328080
328081
328128
328131
328158
328160
328171
328175
328177
328183
328188
328189
328203
328221
328240
328256
328305
328309
328324
328332
328357
328362
328376
328387
328395
328401
328415
328419
328447
328451
328457
328496
328497
328503
328516
328522
328527
328528
328555
328556
328580
328585
328609
328613
328617
328630
328658
328668
328696
328722
328742
328746
328764
328776
328779
328780
328789
328823
328825
328833
328834
328854
328861
328873
328875
328881
328905
328918
328938
328940
328945
328951
328976
328999
329001
329015
329019
329022
329023
329024
329031
329050
329051
329052
329054
329057
329083
329099
329120
329123
329127
329142
329145
329148
329150
329171
329182
329191
329199
329215
329218
329230
329233
329235
329236
329241
329244
329256
329258
329267
329273
329275
329285
329299
329307
329308
329315
329347
329349
329361
329365
329385
329404
329441
329454
329458
329460
329476
329484
329487
329490
329503
329511
329514
329519
329534
329547
329550
329553
329560
329567
329568
329575
329577
329579