1101
1102
1103
1104
1105
1106
1107
1108
1125
1127
1128
1129
1130
1131
1132
1133
1134
1136
1138
1139
1140
1141
1142
1143
1144
1145
1146
1147
1148
1149
1150
1151
1152
1153
1154
1155
1156
1157
1158
1159
1160
1161
1162
1163
1164
1165
1166
1167
1168
1169
1170
1171
1172
1173
1174
1175
1176
1177
1178
1179
1180
1181
1182
1183
1184
1185
1186
1187
1188
1189
1190
1191
1192
1193
1194
1195
1196
1198
1199
1200
1248
1888
1890
2004
2043
2121
2130
2830
3185
3265
3317
3327
3333
5060
5061
5390
5418
5419
5524
5562
5580
5623
6152
6206
6686
6688
6729
6742
6748
6777
6815
6816
6817
6819
6830
6872
6904
6905
7007
8211
8238
8283
8312
8315
8328
8455
8483
8582
8587
8608
8694
8737
8768
8935
8954
9017
9143
9150
9504
12315
12393
12414
12459
12561
12573
12595
12600
12654
12666
12702
12854
12859
12871
12902
12945
12967
12980
13100
13127
13136
13169
13266
15426
15435
15447
15466
15480
15535
15542
15562
15625
15670
15693
15695
15703
15740
15791
15830
15840
15879
15916
15966
16074
16087
16089
16131
16147
16177
16237
16243
16265
16266
16278
16281
16289
16298
16350
18607
20492
20495
20504
20507
20559
20562
20710
20769
20828
20847
20857
20867
20896
20940
20953
20965
20969
21073
21139
21155
21159
21162
21205
21221
21286
21302
21315
21320
21326
21342
21357
21388
21392
21399
21443
21478
22683
23649
24586
24595
24642
24643
24652
24730
24753
24785
24875
24938
25049
25151
25152
25181
25182
25222
25288
25377
25413
25418
25433
25453
25459
25497
25525
25542
25595
25596
25599
28685
28744
28788
28806
28836
28878
28995
28997
29001
29028
29063
29263
29290
29311
29396
29519
29590
29591
29640
30720
30830
30870
30875
30879
30903
30925
31019
31064
31079
31107
31108
31109
31110
31172
31209
31251
31377
31383
31433
31477
31537
31584
31586
31615
31624
31673
33905
33915
33938
33955
34012
34064
34108
34141
34164
34167
34210
34215
34233
34305
34307
34311
34343
34373
34420
34427
34430
34486
34507
34562
34612
34663
34710
34734
34756
34766
34850
34942
34968
35024
35027
35040
35055
35064
35133
35204
35224
35260
35316
35332
35349
35383
35414
35415
35421
35430
35467
35470
35705
35709
35735
35744
35782
38230
38816
38913
38915
38919
38930
38946
38965
38970
38983
39003
39022
39030
39114
39146
39244
39292
39309
39371
39390
39521
39563
39572
39587
39591
39637
39647
39686
39700
39704
39757
39836
40963
40985
41031
41037
41038
41047
41117
41153
41193
41227
41241
41441
41445
41480
41529
41552
41677
41693
41696
41725
41846
41880
41887
41960
41982
42050
42093
42106
42152
42156
42158
42161
42282
42320
42383
42416
42433
42492
42517
42567
42585
42604
42703
42707
42718
42755
42804
42812
42836
42894
42946
43054
43190
43225
43229
43293
43339
43350
43366
43414
43432
43470
43639
43777
43861
43995
43996
43997
44016
44074
44103
44155
44187
44214
44253
44299
44316
44437
44439
44541
44557
44591
44592
44608
44612
44694
44733
44854
44858
44912
44926
44928
44931
44935
44940
44953
45009
45040
47121
47153
47167
47172
47175
47179
47197
47207
47265
47339
47392
47425
47450
47482
47532
47543
47580
47628
47629
47632
47690
47816
47825
47829
47863
47864
47886
47926
47973
48037
48056
48083
48088
48105
48163
48186
48283
48392
48501
48520
48522
48554
48603
48635
48645
48684
48714
48729
48734
48743
48812
48869
48886
48921
48925
48972
48997
49018
49033
49042
49045
49127
49206
49249
49250
49305
49307
49405
49453
49471
49500
49509
49544
49562
49627
49685
49713
49784
49812
49820
49838
49846
49870
49917
49981
49992
50018
50026
50049
50054
50072
50119
50149
50167
50208
50266
50295
50319
50381
50399
50404
50453
50470
50522
50554
50559
50570
50601
50655
50673
50684
50737
50814
50862
50867
50868
50874
50901
50917
51030
51045
51050
51088
51091
51097
51198
51299
51412
51425
51430
51514
51517
51646
51647
51682
51687
51749
51752
51758
51849
51857
51923
51942
51969
52000
52102
52132
52138
52144
52161
52186
52199
56372
56393
56500
56504
56517
56518
56584
56599
56611
56633
56698
56722
56789
56790
56898
56943
56953
56999
57012
57029
57032
57043
57048
57075
57088
57090
57112
57124
57129
57146
57172
57325
57400
57409
57440
57485
57504
57515
57518
57527
57617
57626
57638
57685
57706
57717
57744
57758
57771
57795
57845
57866
58073
58075
58083
58089
58138
58141
58186
58272
58291
59393
59409
59464
59521
59524
59540
59542
59543
59545
59547
59554
59560
59599
59630
59685
59776
59795
59800
59802
59844
59865
59889
59929
59964
59985
60000
60022
60084
60107
60126
60131
60142
60144
60222
60262
60322
60341
60358
60402
60404
60472
60479
60505
60526
60557
60626
60649
60665
60671
60679
60719
60750
60775
60780
60781
60790
60805
60820
60874
60880
60883
60893
60927
60938
60941
60950
60961
61005
61007
61013
61018
61029
61044
61060
61107
61147
61161
61180
61199
61200
61212
61214
61258
61295
61329
61331
61346
61349
61351
61357
61385
61404
61421
61428
61429
61956
61957
61999
62003
62068
62097
62105
62125
62167
62188
62215
62245
62257
62349
62353
62370
62377
62972
62981
63942
64404
64416
64425
64437
64463
64487
64495
134390
134535
134828
136175
137490
137509
137520
139308
141702
142039
142289
142419
142592
142597
142632
142635
149434
149845
152460
196613
196615
196752
197000
197016
197132
197156
197219
197302
197395
197532
197629
197631
197727
197731
197902
197908
197919
197985
198012
198058
198080
198089
198203
198233
198334
198352
198378
198407
198468
198485
198508
198513
198687
198692
198730
198749
198759
198761
198763
198787
198824
199036
199139
199183
199196
199332
199408
199522
199523
199556
199590
199689
199700
199740
199743
199752
199779
199816
199850
199927
199937
199939
200005
200020
200023
200071
200132
200149
200184
200191
200223
200232
200317
200318
200342
200347
200352
200382
200428
200429
200470
200549
200560
200569
200587
200596
200632
200746
200756
200763
200784
200831
200837
200934
200991
200995
200998
201017
201082
201117
201290
201311
201330
201372
201391
201401
201402
201403
201404
201405
201424
201460
201510
201521
201546
201566
201597
201622
201629
201644
201650
201712
201718
201723
201731
201766
201789
201791
201866
201873
201875
201883
201940
201965
201968
201975
201989
201995
202012
202014
202016
202022
202037
202072
202075
202120
202134
202189
202196
202262
202270
202315
202338
202374
202418
202419
202477
202482
202553
202562
202581
202585
202591
202606
202612
202614
202625
202666
202692
202706
202786
202796
202855
202861
202882
202893
202916
202918
202932
202938
202947
202956
202970
203037
203071
203096
203111
203126
203151
203152
203159
203166
203170
203172
203179
203181
203205
203209
203234
203242
203256
203281
203318
203320
203351
203368
203379
203388
203396
203406
203439
203474
203623
203681
203708
203722
203740
203755
203762
203769
203774
203815
203822
203928
203932
203952
203959
203966
203993
204030
204196
204230
204262
204319
204325
204401
204406
204417
204450
204456
204465
204526
204586
204589
204601
204627
204635
204698
204727
204737
204751
204754
204790
204805
204933
204963
204973
204976
204982
204983
205019
205024
205077
205111
205185
205247
205307
205316
205406
205448
205467
205491
205508
205524
205538
205617
205631
205637
205644
205668
205670
205726
205755
205838
205839
205876
205915
205943
205999
206007
206009
206073
206121
206126
206130
206168
206176
206188
206200
206221
206238
206249
206250
206281
206292
206294
206348
206389
206426
206436
206475
206477
206516
206521
206570
206605
206643
206676
206730
206741
206751
206836
206861
206894
206921
206932
206982
206989
206994
207083
207117
207119
207135
207176
207179
207220
207226
207230
207257
207275
207283
207315
207323
207357
207366
207375
207388
207487
207489
207523
207551
207595
207627
207647
207682
207699
207711
207777
207778
207803
207829
207831
207843
207856
207866
207891
207894
207903
207942
207982
208033
208034
208055
208064
208133
208152
208153
208164
208209
208240
208247
208249
208251
208258
208332
208344
208364
208390
208418
208490
208501
208530
208537
208584
208622
208654
208683
208685
208688
208693
208715
208717
208728
208751
208826
208831
208844
208853
208864
208874
208911
208917
208951
208973
209010
209011
209048
209051
209072
209083
209094
209145
209223
209258
209267
209288
209330
209355
209377
209390
209407
209445
209495
209549
209561
209566
209573
209590
209626
209653
209675
209712
209721
209754
209819
209829
209845
209847
209871
209884
209936
209976
209983
209985
210004
210074
210091
210151
210157
210161
210193
210207
210269
210320
210332
210345
210354
210372
210375
210383
210385
210389
210429
210449
210454
210501
210539
210649
210654
210694
210710
210728
210776
210789
210798
210856
210882
210897
210907
210930
210977
211005
211031
211041
211043
211052
211061
211177
211208
211217
211220
211251
211253
211267
211269
211316
211318
211321
211344
211465
211499
211524
211543
211550
211566
211588
211623
211636
211668
211713
211728
211745
211748
211750
211769
211786
211822
211840
211856
211895
211926
211982
211993
212051
212061
212098
212150
212151
212156
212157
212162
212202
212242
212253
212311
212380
212468
212477
212488
212540
212585
212591
212610
212624
212635
212689
212703
212762
212773
212778
212782
212785
212818
212839
212855
212877
212892
212922
212928
212953
212965
213023
213028
213030
213035
213050
213052
213061
213065
213099
213100
213101
213120
213132
213161
213192
213208
213268
213279
213291
213324
213333
213346
213350
213351
213352
213401
213427
213504
213511
213536
213542
213567
213577
213619
213672
213687
213695
213713
213753
213773
213784
213788
213817
213819
213820
213821
213822
213823
213857
213959
213968
214011
214125
214235
214236
214259
214269
214313
214320
214333
214337
214371
214380
214386
214406
214408
214415
214423
214465
214520
214521
214538
214542
214561
214621
214668
214673
214679
214689
214723
214736
214741
214758
214783
214786
214807
214810
214829
214836
214966
214970
214988
215085
215088
215104
215125
215131
215164
215169
215212
215216
215224
215248
215255
215296
215299
215300
215301
215318
215321
215356
215370
215386
215433
215473
215481
215495
215512
215513
215549
215553
215577
215603
215651
215680
215771
215799
215834
215841
215842
215865
215877
215914
215922
215932
215942
215982
216005
216022
216031
216040
216048
216092
216107
216182
216195
216226
216228
216251
216279
216345
216355
216455
216456
400158
400328