224
2116
2119
3307
5377
5381
5485
5619
6709
6829
8210
8264
8394
8478
8542
8786
8841
8896
9173
9207
12929
12996
13052
13069
13212
13243
15659
15688
15765
15932
16065
16175
16185
16186
16234
20741
21067
21119
21171
21293
21297
21331
24039
24959
25016
25148
25201
25225
25351
25400
28795
28824
29065
29300
29458
29479
29486
29492
29607
29695
30737
30950
31020
31096
31169
31264
31726
34087
34100
34822
34989
35094
35120
35132
35157
35703
35754
35763
38990
39029
39197
39236
39783
39787
39832
41049
41164
41483
41572
41729
41869
41949
42022
42029
42175
42400
42980
43200
43401
43516
43568
43905
44381
44457
44511
44654
44763
44764
44808
44933
44997
47405
47753
47853
48144
48335
48376
48469
48598
48630
48680
48863
48908
49082
49193
49214
49219
49271
49278
49310
49409
49455
49574
49586
49788
49952
50033
50213
50217
50229
50270
50272
50304
50484
50531
50562
50582
51135
51850
52157
55434
55784
56334
56538
56589
56655
56809
56828
56867
57280
57381
57423
57506
57522
57660
57775
57829
57963
57997
58005
58264
58298
58302
59438
59562
59720
59767
59863
59978
60052
60130
60163
60270
60278
60586
60687
60717
60745
60848
60908
61006
61122
61188
61213
61227
61238
61275
61292
61300
62002
62186
62225
62271
64401
64424
64440
196788
197090
197212
197475
197519
197943
198204
198309
198368
198869
198931
198992
199169
199339
199655
199672
199791
199821
199852
199900
199990
199999
200037
200042
200139
200163
200168
200665
200693
200781
200915
201074
201098
201165
201322
201419
201454
201577
201596
201627
201656
201822
201888
201895
202008
202039
202057
202059
202060
202068
202128
202174
202204
202230
202311
202875
203090
203238
203343
203415
203424
203515
203580
203650
203659
203673
203733
203779
203823
203863
203995
204027
204228
204503
204511
204712
204734
204901
204956
204996
205043
205101
205190
205238
205639
205851
205945
205976
206133
206145
206220
206260
206263
206416
206557
206667
206711
206725
206897
206993
207031
207189
207307
207346
207441
207464
207564
207659
207674
207788
207824
207851
208004
208042
208045
208086
208202
208263
208512
208692
208835
208869
208966
209293
209373
209404
209512
209568
209861
209903
209965
209980
210150
210152
210307
210314
210475
210615
210794
210942
211119
211309
211383
211474
211684
211685
211753
211767
212064
212106
212252
212334
212449
212500
212502
212514
212642
212665
212765
213043
213148
213156
213158
213464
213469
213715
213839
213919
213957
213978
213988
213998
214372
214486
214615
214639
214645
214659
214667
214710
214761
214909
214917
215215
215295
215382
215542
215574
215682
215769
215901
216352
216374
216448