4007
4613
17412
17501
18222
18395
23647
23672
23752
23866
23928
24123
24474
24503
24504
24550
38217
38533
38565
45157
45170
45274
45353
45424
45494
45650
45811
45845
55427
55726
55915
56196
56204
56266
58413
58433
58456
58459
58504
59370
63968
63991
131266
131341
132270
132407
132710
132799
132856
132877
133092
133128
133149
133179
133185
133190
133923
133925
134467
134504
134951
134995
135043
135044
135303
135327
135334
135335
135337
135640
136047
136219
136380
136461
136477
136530
136740
136762
136763
136776
136794
136895
136905
136908
136979
137011
137080
137187
137201
137209
137275
137521
137580
137854
137880
137978
138350
138388
138478
138495
138500
138546
138605
138620
138933
138964
139022
139196
139224
139237
139256
139261
139701
139741
139810
139902
139907
139922
140050
140072
140324
140604
140948
140973
140989
141024
141032
141047
141175
141177
141189
141240
141349
141410
141459
141689
141691
141732
141755
141767
142008
142053
142065
142133
142272
142297
142408
142556
142606
142621
142626
146947
147184
148979
149034
149037
149417
149631
149652
149768
149801
149812
149817
149866
150131
150133
150138
150331
150418
150424
150691
150780
150789
151078
151207
151328
151393
151396
151480
151643
151663
151798
152178
152307
152340
152448
152649
152677
152691
152736
153159
153566
153694
153765
153778
153827
153861
153885
154038
154096
212268