681
2537
2569
2756
2925
3711
3747
3773
3787
3929
4049
4610
4648
4667
4763
4768
4770
4771
4830
4831
4834
5709
7584
7599
7657
7696
7714
7901
9233
9236
9245
9281
9303
9325
9327
9338
9343
9344
9345
9427
9431
9432
9433
9436
9439
9445
9469
9470
9483
9495
9500
9503
9511
9537
9559
9560
9561
9662
9718
9727
9733
9750
9788
9790
9834
9872
9876
9887
9889
9896
9897
9898
9901
10022
10110
10200
17410
17435
17472
17474
17484
17491
17492
17542
17646
17649
17656
17663
17664
17705
17746
17752
17792
17808
17902
17994
18006
18015
18017
18021
18119
18159
18198
18199
18202
18203
18348
18352
18353
18378
18400
18406
18407
23603
23655
23684
23710
23735
23737
23746
23754
23838
23869
23878
23904
23905
23916
23934
23958
23960
23973
23977
24005
24006
24011
24025
24054
24074
24107
24111
24181
24183
24189
24192
24226
24318
24324
24347
24384
24398
24459
24466
24484
24511
24548
37979
37999
38003
38018
38022
38037
38052
38064
38065
38079
38178
38189
38190
38243
38290
38292
38294
38299
38300
38305
38319
38329
38437
38451
38473
38477
38479
38485
38492
38560
38568
38586
38605
38624
38626
38711
38748
38793
38827
38881
38900
38906
45116
45131
45135
45138
45140
45164
45172
45177
45179
45190
45191
45215
45222
45230
45249
45267
45279
45280
45285
45359
45459
45463
45473
45475
45476
45480
45563
45585
45586
45620
45631
45633
45637
45641
45738
45787
45792
45809
45822
45943
45946
45950
46075
55300
55368
55397
55435
55436
55454
55485
55502
55516
55524
55561
55702
55703
55715
55716
55719
55729
55746
55759
55785
55793
55850
55853
55857
55860
55872
55887
55926
55936
55946
55948
56028
56030
56036
56068
56101
56102
56137
56171
56174
56186
56189
56214
56216
56228
56304
56683
58421
58423
58443
58444
58583
58600
58610
58624
58631
58666
58936
58938
58988
59292
61025
63519
63830
63839
63925
63979
64015
64054
64070
64073
64076
64095
131110
131168
131174
131176
131187
131193
131196
131198
131201
131202
131209
131227
131239
131254
131261
131272
131287
131291
131296
131305
131318
131323
131328
131443
131452
131583
132001
132003
132014
132027
132036
132040
132042
132048
132058
132066
132074
132083
132096
132125
132130
132143
132149
132155
132161
132174
132219
132231
132235
132238
132240
132255
132264
132268
132284
132316
132333
132347
132357
132375
132391
132409
132431
132449
132450
132452
132456
132457
132509
132534
132583
132588
132687
132692
132695
132697
132709
132712
132722
132723
132727
132736
132744
132745
132809
132810
132815
132822
132832
132840
132854
132857
132870
132875
132881
132887
132898
132917
132918
132919
133026
133035
133043
133075
133079
133090
133096
133101
133108
133124
133132
133154
133162
133186
133187
133188
133192
133214
133218
133366
133370
133393
133396
133399
133400
133401
133404
133420
133427
133451
133455
133473
133474
133499
133532
133537
133578
133601
133604
133607
133608
133636
133729
133741
133745
133756
133785
133857
133870
133878
133884
133887
133906
133915
133920
133927
133928
133950
134062
134099
134102
134110
134118
134131
134156
134192
134220
134224
134227
134244
134359
134372
134378
134389
134429
134433
134436
134444
134445
134673
134691
134692
134730
134744
134746
134818
134845
134954
134967
134988
135021
135023
135047
135069
135087
135112
135142
135154
135157
135288
135328
135344
135385
135393
135400
135403
135428
135431
135606
135626
135642
135889
135898
136015
136024
136157
136249
136269
136409
136463
136488
136494
136499
136500
136524
136559
136584
136595
136795
136797
136953
136960
136964
136965
136980
136984
136990
137028
137051
137052
137217
137257
137262
137267
137448
137465
137469
137471
137472
137495
137879
137914
137920
137957
138041
138187
138189
138348
138355
138360
138398
138399
138410
138686
138943
138973
138976
138980
139005
139020
139046
139054
139074
139078
139200
139271
139272
139275
139310
139336
139359
139580
139656
139681
139686
139694
139707
139744
139748
139827
139828
139861
139876
139906
140055
140089
140095
140220
140548
140602
140679
140680
140685
140839
140844
140851
140869
140870
140872
140874
141007
141040
141183
141186
141226
141228
141233
141382
141413
141693
141710
141720
141764
141769
141775
141779
142601
142602
147012
147045
147051
147067
149052
149301
149310
149479
149657
149816
149820
150134
150154
150287
150409
150454
150663
150723
150795
151191
151208
151336
151475
151607
151612
151625
151642
151645
151839
151956
152106
152108
152180
152596
152653
152657
152703
152851
152880
152887
152888
152909
153036
153173
153180
153306
153312
153350
153375
153389
153399
153850
153979
198501
199124
199334
201517
205809
214491