3551
6193
10391
10476
11556
11673
14377
14709
15075
15241
18809
21599
21883
22010
22227
22382
22628
23360
26105
26426
27649
27679
27687
27716
27723
27726
27749
27755
27760
27764
27778
27783
27786
27788
27796
27802
27812
27819
27832
27842
27850
27854
27860
27867
27873
27914
27915
27922
27928
27930
27936
27938
27939
27944
27945
27956
27959
27972
28018
28030
28031
28043
28061
28062
28063
28064
28071
28079
28112
28113
28316
36331
48721
51852
52245
52264
52284
52288
52336
52337
52437
52446
52468
52469
60010
61491
61497
61511
64101
64107
136787
141039
200096
204718
207137
209588
209854
211059
211794
262144
262198
262211
262218
262225
262227
262248
262255
262933
263215
263759
263772
263795
264617
264676
264734
264843
265654
265698
265761
265803
265812
265867
266692
266695
266797
266811
266828
267784
269736
269758
269864
269985
270078
272037
272096
272109
272151
272850
272912
272967
272974
273045
273135
273856
273875
273888
273907
274135
274147
401616