3132
6147
7994
12252
15125
19180
20345
21575
22305
22411
25701
25705
26136
27702
27791
27809
27843
28032
52278
52400
61482
61485
64114
64115
64116
64120
64128
64130
64132
64143
64144
64145
64146
64147
64155
64162
64163
64167
214482
215522
262168
262182
262210
262235
262253
263185
263189
263224
263229
263681
263692
264684
264783
265666
265667
265668
265669
265691
265785
265794
265869
265875
266712
266716
266722
266732
266757
266823
266859
267742
267743
267747
267749
267800
267815
267831
267871
267898
267904
269751
269772
269773
269803
269811
269826
269843
269857
269862
269889
269894
269898
269913
269938
269975
269981
270006
270007
270010
270012
270019
270023
270032
270037
270068
270069
270076
270081
270082
270086
271805
271814
271835
271838
271842
271857
271860
271861
271862
271866
271868
271876
271900
271962
271976
272002
272004
272008
272029
272033
272045
272059
272077
272085
272104
272106
272111
272141
272801
272805
272816
272830
272833
272836
272838
272846
272848
272856
272894
272923
272948
272965
272973
272976
272979
272984
272997
273000
273014
273018
273026
273033
273037
273051
273052
273053
273061
273067
273084
273086
273087
273101
273107
273108
273110
273112
273117
273118
273133
273143
273146
273185
273192
273193
273200
273209
273210
273211
273222
273232
273862
273868
273869
273881
273882
273891
273895
273906
273913
273914
273915
273933
273934
273935
273936
273941
273943
273946
273950
273959
273968
273976
273977
273983
273985
273996
274029
274031
274051
274056
274066
274076
274077
274087
274113
274116
274131
274145
274148
274150
274156
274162
274174
274178
274179