3550
4682
4759
4775
4779
4863
6163
6648
7491
7495
7544
7611
7629
7707
9254
9299
9334
9386
9410
9420
9497
9658
9670
9742
9821
9927
10096
10107
10139
10141
10224
17445
17448
17452
17550
17636
17639
17721
17723
17749
17796
17811
17894
17895
17970
17973
18005
18009
18016
18018
18114
18115
18187
18188
18190
18194
18214
18226
18233
18249
18360
18389
18392
18396
23605
23606
23660
23665
23680
23689
23701
23732
23862
23887
23894
23930
23933
23942
23944
23988
23996
24070
24079
24081
24091
24095
24102
24106
24179
24221
24298
24306
24377
24451
24456
24458
24494
24505
24551
38063
38180
38183
38262
38268
38291
38301
38334
38445
38463
38467
38471
38483
38491
38553
38577
38606
38609
38722
38741
38811
38822
38823
38867
38885
38909
45126
45156
45209
45218
45221
45330
45343
45351
45449
45462
45499
45504
45531
45559
45578
45580
45593
45600
45608
45622
45664
45754
45759
45782
45789
45799
45832
45858
45865
45893
45936
55303
55343
55402
55413
55431
55437
55477
55547
55650
55704
55730
55798
55821
56095
56099
56100
56128
56164
56207
56262
58437
58526
58604
58635
58677
58706
58748
58757
58809
58884
59322
59325
59334
59342
59348
59366
63846
63848
63938
63966
63986
64008
64066
131121
131180
131194
131212
131228
131245
131251
131253
131258
131260
131276
131281
131288
131289
131303
131306
131465
131891
132021
132046
132054
132059
132141
132193
132199
132209
132212
132223
132229
132233
132246
132400
132454
132459
132464
132483
132505
132508
132554
132595
132615
132714
132716
132792
132803
132819
132826
132843
132844
132853
132862
132904
132905
132913
133020
133064
133068
133098
133131
133150
133195
133198
133334
133377
133432
133436
133464
133498
133544
133584
133585
133611
133623
133754
133778
133858
133879
133886
134084
134140
134154
134170
134171
134182
134211
134213
134216
134239
134241
134346
134381
134414
134431
134434
134490
134497
134564
134672
134707
134710
134716
134777
134779
134788
134802
134966
134974
134996
135025
135028
135084
135096
135122
135132
135162
135283
135305
135324
135325
135345
135366
135423
135491
135495
135499
135549
135556
135582
135594
135607
135643
135645
135896
136028
136031
136216
136227
136244
136260
136404
136433
136503
136513
136515
136588
136728
136773
136777
136803
136929
136955
136961
136963
136982
137074
137184
137193
137202
137208
137226
137239
137248
137404
137406
137417
137418
137420
137458
137459
137487
137507
137527
137577
137818
137827
137846
137894
137902
137936
137941
137996
138025
138036
138147
138218
138333
138379
138445
138446
138486
138496
138540
138543
138569
138678
138689
138916
138929
138956
138958
138961
138965
138969
138970
138975
138987
138989
139034
139040
139204
139213
139238
139265
139333
139350
139464
139614
139626
139630
139639
139698
139710
139729
139749
139752
139798
139831
139833
139846
139852
139855
139867
139900
139920
140243
140323
140549
140593
140599
140619
140708
140715
140722
140734
140878
140927
140964
140975
140984
141013
141016
141152
141196
141210
141238
141239
141391
141455
141676
141677
141686
141709
141730
141748
141754
141994
142009
142035
142056
142121
142128
142271
142285
142414
142416
142424
142432
142548
142555
142581
142629
142648
142649
146948
146954
147014
147042
147044
147174
147178
149022
149027
149170
149299
149444
149509
149519
149635
149645
149802
149825
149833
149848
149875
150000
150161
150286
150292
150396
150431
150447
150450
150704
150707
150749
150781
150786
150806
151049
151066
151212
151317
151324
151346
151351
151354
151360
151366
151405
151408
151465
151617
151627
151631
151633
151650
151652
151653
151678
151788
151789
152107
152131
152135
152141
152152
152172
152173
152297
152326
152335
152458
152584
152680
152681
152687
152891
152896
152907
152914
153055
153166
153167
153174
153175
153191
153196
153200
153322
153351
153356
153359
153455
153469
153495
153496
153574
153644
153648
153660
153689
153691
153692
153695
153719
153736
153739
153789
153793
153855
153856
153862
153869
153908
153912
153934
153969
153989
153994
154002
154031
154040
154080
154083
199676
200879
209612
213884
215150
216077