1887
2115
2590
2821
3165
3169
5526
5550
5582
5593
5617
5629
6681
6714
6778
6873
8246
8256
8267
8286
8308
8323
8326
8364
8374
8380
8458
8459
8477
8501
8508
8535
8545
8588
8633
8664
8726
8766
8798
8819
8834
8865
8886
8890
8938
8962
8970
9016
9048
9085
9103
9112
9141
12324
12328
12346
12423
12464
12476
12580
12618
12642
12741
12743
12774
12824
12827
12831
12887
12912
12966
12968
12985
12990
12992
13000
13065
13086
13110
13119
13274
13293
15373
15391
15396
15443
15470
15478
15503
15507
15541
15563
15587
15606
15618
15624
15665
15694
15728
15744
15772
15787
15798
15851
15855
15857
15874
15902
15967
15969
15993
15997
16110
16138
16167
16182
16263
16274
16283
16288
16290
16291
16296
16340
16342
16380
20486
20491
20552
20553
20555
20592
20656
20670
20763
20781
20804
20808
20853
20889
20898
20909
20938
20947
20960
20961
20983
21010
21021
21064
21068
21111
21123
21132
21169
21182
21187
21243
21244
21288
21321
21324
21328
21344
21390
21395
21404
21495
24577
24578
24597
24619
24685
24723
24724
24732
24738
24740
24748
24756
24848
24879
24906
24918
24929
24985
25055
25070
25075
25084
25154
25439
25443
25468
25495
25506
25523
25552
25557
25584
28678
28689
28732
28785
28793
28797
28815
28893
28950
28978
28982
29007
29023
29062
29103
29135
29167
29205
29223
29245
29251
29254
29272
29305
29314
29318
29414
29445
29501
29512
29522
29535
29536
29553
29593
29596
29620
29649
29653
29665
29693
30725
30730
30731
30753
30778
30780
30782
30793
30813
30816
30824
30838
30851
30876
30884
30887
30923
30975
31026
31032
31045
31071
31080
31105
31106
31116
31129
31165
31181
31229
31242
31267
31280
31304
31306
31310
31381
31409
31412
31423
31431
31434
31505
31528
31540
31599
31604
31608
31621
31623
31628
31646
31683
33795
33807
33826
33838
33868
33869
33895
33900
33901
33923
33951
33985
33990
33996
34045
34069
34076
34169
34199
34208
34209
34212
34252
34254
34275
34284
34324
34330
34337
34339
34342
34360
34390
34392
34393
34402
34409
34424
34431
34494
34509
34525
34530
34544
34546
34566
34600
34604
34637
34651
34656
34681
34688
34719
34730
34765
34789
34805
34826
34835
34844
34845
34891
34902
34903
34907
34937
34969
34986
34999
35007
35060
35063
35115
35124
35126
35139
35174
35179
35187
35191
35198
35199
35209
35215
35229
35253
35274
35275
35281
35306
35318
35323
35337
35342
35355
35375
35378
35398
35408
35409
35434
35463
35491
35498
35523
35538
35585
35596
35601
35628
35671
35686
35695
35720
35745
35752
35760
35778
35785
35787
38921
38923
38942
38944
38987
38991
39014
39039
39041
39085
39109
39112
39133
39168
39171
39174
39198
39219
39243
39255
39261
39282
39288
39310
39330
39349
39375
39403
39412
39437
39439
39487
39489
39499
39507
39547
39566
39599
39603
39661
39673
39698
39716
39793
39794
39800
39816
39834
39856
39869
39873
39883
39893
39897
39907
39909
39914
40961
40969
40970
41004
41005
41006
41023
41026
41036
41056
41057
41079
41092
41097
41137
41138
41142
41149
41178
41188
41201
41218
41235
41247
41253
41256
41266
41297
41299
41312
41319
41322
41331
41356
41358
41385
41398
41406
41421
41434
41442
41455
41464
41468
41476
41487
41508
41511
41519
41522
41540
41567
41618
41621
41623
41641
41642
41643
41647
41650
41660
41676
41744
41760
41777
41790
41796
41809
41835
41841
41860
41865
41907
41930
41931
41945
41952
41959
41966
42021
42039
42084
42092
42107
42118
42131
42154
42171
42177
42194
42199
42204
42246
42261
42266
42272
42319
42328
42374
42401
42402
42407
42445
42453
42454
42490
42503
42520
42547
42552
42564
42573
42576
42594
42598
42619
42643
42644
42656
42667
42672
42673
42717
42739
42746
42763
42778
42797
42830
42832
42877
42900
42914
42923
42927
42928
42935
42945
42966
42968
42981
42986
43015
43058
43073
43091
43093
43113
43117
43118
43144
43147
43153
43171
43172
43173
43244
43253
43290
43326
43363
43371
43372
43386
43420
43435
43447
43476
43492
43493
43495
43498
43506
43512
43517
43535
43570
43596
43616
43638
43641
43674
43679
43681
43705
43758
43762
43769
43803
43837
43862
43867
43888
43914
43929
43932
43939
43941
43961
43962
43963
43968
43982
43985
44004
44033
44044
44061
44080
44086
44124
44175
44183
44190
44262
44279
44284
44370
44415
44440
44454
44490
44501
44514
44518
44523
44535
44551
44602
44603
44610
44643
44655
44663
44666
44692
44732
44758
44783
44784
44855
44856
44860
44896
44914
44959
44962
44970
45016
45026
45030
47128
47129
47189
47223
47229
47250
47252
47273
47275
47281
47290
47301
47303
47305
47322
47329
47348
47356
47383
47396
47401
47404
47466
47468
47476
47520
47544
47633
47640
47672
47695
47755
47790
47812
47830
47847
47850
47876
47879
47884
47888
47896
48021
48022
48023
48025
48047
48119
48136
48157
48183
48189
48208
48224
48227
48246
48248
48259
48311
48381
48395
48424
48428
48435
48436
48446
48464
48487
48505
48516
48523
48534
48559
48565
48626
48633
48636
48659
48690
48694
48707
48712
48727
48742
48760
48782
48789
48790
48850
48859
48896
48947
48956
48963
48981
48992
49001
49007
49035
49047
49102
49141
49149
49151
49185
49190
49196
49197
49200
49201
49242
49258
49264
49269
49277
49290
49300
49370
49420
49528
49543
49559
49564
49601
49611
49633
49649
49664
49708
49715
49731
49743
49761
49785
49787
49831
49873
49876
49888
49895
49946
49989
49998
50014
50016
50086
50095
50101
50116
50121
50153
50188
50212
50231
50239
50243
50247
50253
50263
50278
50312
50331
50333
50349
50355
50366
50408
50411
50423
50426
50434
50444
50450
50467
50481
50493
50505
50550
50551
50557
50561
50584
50599
50606
50607
50625
50638
50661
50705
50728
50767
50777
50786
50828
50829
50830
50840
50841
50898
50900
50987
50988
50993
50994
51060
51064
51068
51079
51101
51111
51146
51148
51155
51175
51203
51208
51237
51261
51272
51277
51287
51290
51305
51310
51323
51337
51353
51359
51373
51390
51393
51394
51399
51414
51426
51436
51465
51484
51513
51589
51590
51619
51620
51636
51648
51675
51717
51750
51757
51769
51772
51774
51792
51864
51879
51931
51944
51948
51960
51976
51980
51986
51996
52009
52020
52064
52078
52079
52101
52106
52110
52123
52124
52142
52153
52185
52195
52203
56324
56373
56391
56408
56441
56449
56470
56475
56511
56515
56523
56540
56544
56575
56590
56597
56609
56628
56658
56662
56682
56709
56712
56713
56752
56783
56819
56826
56838
56869
56870
56904
56905
56945
56949
56983
57031
57042
57055
57061
57101
57121
57138
57170
57213
57219
57239
57249
57254
57255
57258
57263
57295
57305
57321
57332
57355
57360
57367
57404
57430
57476
57478
57480
57488
57492
57520
57524
57536
57556
57569
57592
57593
57594
57608
57613
57643
57665
57701
57715
57718
57723
57789
57810
57811
57832
57875
57889
57890
57896
57897
57905
57921
57945
57966
57978
57983
57998
58017
58035
58077
58093
58140
58237
58307
58321
58334
58335
58350
59415
59444
59460
59471
59472
59491
59551
59572
59579
59607
59611
59670
59686
59782
59828
59832
59901
59927
59945
59948
59958
59990
60007
60018
60047
60106
60158
60189
60191
60195
60217
60219
60243
60276
60279
60309
60317
60323
60335
60336
60378
60399
60418
60421
60425
60448
60466
60468
60534
60552
60563
60565
60589
60594
60624
60645
60646
60658
60695
60705
60713
60755
60782
60795
60801
60806
60809
60810
60816
60831
60844
60875
60877
60884
60920
60947
60964
60968
61027
61064
61078
61134
61154
61158
61171
61203
61216
61233
61242
61251
61256
61288
61289
61299
61311
61319
61338
61434
61983
62025
62031
62047
62050
62060
62081
62147
62152
62165
62201
62213
62237
62258
62308
62321
62328
62397
62421
62457
64407
196649
196652
196666
196677
196679
196681
196702
196707
196728
196729
196730
196776
196792
196802
196806
196818
196826
196830
196844
196855
196858
196866
196882
196883
196887
196890
196891
196898
196899
196901
196903
196926
196927
196928
196935
196951
196969
196972
196980
196982
196994
196999
197003
197005
197020
197025
197027
197048
197049
197064
197087
197091
197093
197099
197105
197111
197113
197124
197135
197136
197142
197146
197154
197155
197162
197177
197181
197186
197187
197201
197215
197217
197220
197224
197226
197227
197231
197233
197238
197250
197262
197265
197270
197274
197279
197285
197294
197295
197300
197310
197318
197321
197336
197345
197368
197375
197396
197399
197400
197405
197408
197410
197418
197427
197431
197437
197447
197448
197455
197457
197459
197472
197474
197479
197480
197494
197496
197502
197503
197507
197513
197527
197530
197543
197544
197552
197570
197572
197586
197588
197590
197592
197599
197600
197605
197608
197615
197620
197621
197630
197645
197656
197667
197671
197672
197678
197680
197682
197697
197701
197702
197704
197709
197721
197724
197734
197735
197747
197755
197764
197766
197776
197790
197800
197801
197804
197809
197811
197812
197813
197818
197824
197828
197833
197837
197838
197840
197844
197848
197849
197887
197892
197903
197910
197918
197926
197928
197933
197935
197936
197940
197956
197961
197966
197977
197979
197982
197983
198000
198001
198004
198007
198014
198023
198029
198035
198036
198040
198042
198043
198048
198050
198051
198067
198072
198073
198081
198091
198094
198098
198106
198112
198115
198131
198132
198133
198140
198146
198151
198156
198158
198163
198164
198176
198187
198190
198197
198199
198214
198216
198221
198230
198232
198235
198241
198242
198262
198263
198269
198271
198272
198277
198278
198289
198317
198327
198329
198342
198344
198374
198389
198393
198397
198401
198408
198413
198414
198416
198418
198424
198428
198430
198431
198442
198451
198457
198460
198467
198489
198490
198493
198495
198496
198498
198509
198517
198518
198522
198525
198529
198537
198547
198557
198560
198577
198579
198591
198594
198595
198597
198604
198611
198613
198637
198642
198646
198655
198674
198676
198695
198696
198704
198709
198713
198717
198742
198743
198746
198751
198752
198766
198777
198782
198788
198811
198822
198829
198835
198838
198851
198852
198854
198857
198865
198880
198881
198884
198888
198891
198896
198897
198900
198906
198909
198910
198915
198921
198922
198927
198928
198935
198937
198945
198948
198962
198971
198975
198979
198982
198984
198995
198999
199005
199023
199028
199043
199057
199060
199061
199069
199075
199076
199091
199097
199105
199113
199138
199147
199151
199166
199192
199197
199201
199212
199219
199222
199234
199238
199250
199252
199260
199265
199279
199296
199319
199338
199341
199356
199358
199363
199369
199371
199378
199381
199384
199389
199390
199407
199409
199410
199411
199413
199416
199439
199449
199451
199473
199475
199494
199503
199510
199517
199538
199540
199550
199551
199584
199585
199601
199615
199648
199680
199692
199694
199696
199709
199715
199723
199761
199763
199774
199787
199807
199810
199815
199823
199831
199842
199845
199846
199855
199857
199859
199861
199887
199888
199891
199894
199896
199910
199921
199936
199943
199953
199965
199978
199980
199981
200001
200031
200061
200088
200089
200092
200094
200115
200125
200138
200142
200176
200188
200197
200201
200212
200217
200244
200253
200272
200274
200289
200316
200338
200346
200369
200410
200414
200437
200438
200504
200534
200539
200543
200573
200574
200577
200594
200602
200609
200633
200648
200659
200668
200670
200672
200674
200680
200714
200745
200750
200755
200792
200822
200839
200841
200862
200863
200889
200893
200909
200910
200920
200930
200974
200999
201001
201019
201020
201027
201029
201036
201044
201046
201053
201054
201068
201091
201112
201113
201122
201125
201143
201149
201169
201180
201202
201209
201221
201253
201305
201307
201314
201328
201332
201342
201400
201427
201434
201439
201448
201451
201514
201531
201532
201549
201562
201581
201592
201615
201617
201637
201653
201661
201663
201695
201725
201737
201742
201743
201753
201754
201787
201793
201814
201819
201845
201893
201904
201908
201915
201925
201953
201954
201966
201977
201990
202004
202006
202007
202050
202061
202081
202086
202100
202121
202126
202133
202162
202177
202185
202220
202228
202257
202281
202307
202385
202386
202393
202399
202403
202431
202434
202445
202450
202465
202472
202478
202520
202541
202563
202572
202600
202607
202626
202667
202712
202744
202748
202805
202839
202854
202860
202919
202936
202942
202962
202971
202994
203028
203050
203066
203086
203140
203157
203188
203210
203222
203227
203230
203255
203261
203263
203266
203272
203287
203302
203306
203313
203356
203362
203364
203369
203375
203389
203408
203417
203422
203435
203475
203497
203505
203508
203539
203551
203556
203562
203567
203575
203613
203620
203628
203632
203658
203667
203677
203685
203687
203688
203689
203707
203741
203742
203756
203760
203765
203778
203821
203828
203845
203890
203920
203937
203941
203977
203985
203996
203998
204009
204019
204021
204063
204066
204086
204098
204126
204131
204190
204192
204246
204263
204275
204278
204295
204301
204346
204360
204373
204376
204388
204392
204397
204412
204423
204444
204447
204470
204479
204484
204522
204534
204559
204568
204569
204679
204692
204699
204700
204730
204744
204747
204766
204782
204797
204799
204836
204837
204841
204849
204864
204870
204873
204880
204885
204893
204899
204905
204906
204930
204953
204962
204964
204971
204987
205017
205030
205034
205036
205041
205074
205075
205082
205105
205107
205133
205136
205146
205148
205160
205187
205253
205257
205288
205296
205299
205308
205325
205353
205355
205363
205384
205392
205395
205430
205443
205447
205462
205485
205520
205581
205594
205598
205604
205608
205671
205672
205674
205677
205679
205685
205706
205708
205713
205738
205748
205776
205783
205798
205813
205819
205856
205871
205873
205879
205934
205990
205991
205995
206006
206019
206048
206052
206061
206072
206090
206093
206094
206108
206118
206162
206184
206185
206186
206239
206241
206251
206282
206314
206319
206369
206373
206401
206412
206417
206421
206432
206442
206454
206455
206499
206518
206523
206559
206563
206579
206581
206589
206594
206632
206640
206651
206674
206679
206685
206687
206705
206758
206762
206770
206786
206793
206802
206838
206852
206890
206896
206910
206913
206937
206948
206953
206956
206957
206972
207000
207012
207033
207073
207105
207156
207170
207204
207206
207208
207217
207218
207221
207287
207296
207311
207325
207329
207352
207379
207413
207478
207500
207539
207555
207559
207593
207668
207684
207685
207694
207735
207736
207742
207771
207789
207838
207844
207854
207912
207914
207973
207998
208020
208041
208066
208112
208141
208145
208227
208261
208331
208348
208358
208383
208384
208399
208404
208423
208424
208426
208489
208491
208540
208554
208556
208566
208660
208732
208750
208807
208817
208848
208861
208892
208900
208926
208930
208960
208984
208986
208990
209032
209062
209066
209069
209073
209077
209086
209168
209200
209201
209208
209276
209292
209296
209314
209316
209328
209384
209388
209392
209399
209409
209412
209423
209430
209450
209516
209522
209541
209563
209579
209597
209619
209694
209731
209749
209764
209769
209801
209802
209817
209860
209862
209866
209892
209901
209921
209964
210014
210019
210065
210075
210081
210085
210100
210104
210108
210142
210146
210163
210191
210220
210235
210246
210254
210256
210262
210265
210271
210272
210287
210301
210323
210379
210391
210406
210407
210480
210506
210573
210587
210620
210641
210645
210784
210831
210866
210910
210911
210913
210945
210946
210959
210997
211010
211011
211025
211046
211047
211148
211155
211234
211254
211287
211293
211295
211315
211340
211354
211375
211388
211430
211516
211528
211655
211742
211746
211797
211901
211938
211950
211985
212119
212130
212163
212176
212196
212251
212261
212262
212305
212327
212344
212402
212422
212523
212570
212623
212654
212657
212663
212754
212819
212837
212887
212888
212908
212909
212915
212917
212958
212968
212987
213014
213088
213103
213131
213144
213147
213174
213255
213310
213340
213413
213467
213521
213530
213539
213633
213678
213698
213779
213794
213804
213824
213901
213907
213940
213956
214012
214165
214299
214328
214349
214363
214373
214377
214392
214397
214407
214481
214638
214658
214666
214762
214802
214814
214896
215060
215173
215175
215204
215205
215253
215358
215380
215401
215432
215437
215452
215484
215514
215652
215690
215701
215862
215875
215903
215912
215966
215985
216029
216129
216144
216177
216316
216323
216439
216446