3682
3838
5106
5786
6208
10396
10524
10937
11367
11653
11907
11992
12043
12206
13568
14534
14920
14957
14974
14979
15261
16649
18804
18895
19163
20372
21559
21944
22162
22555
22888
23114
23379
23534
26027
27024
27213
29857
30201
30294
30440
30526
30684
33315
35892
36064
36435
36810
39963
40414
40880
40906
46635
46793
46839
46865
46868
46869
46931
46941
46962
53764
54123
54835
54848
55068
62627
62913
62931
63058
63240
63308
63393
393573
393678
393937
394590
394743
394963
395471
395902
395968
396055
396082
396899
397072
397359
397399
397470
397566
397598
397674
397920
397939
398317
398326
399126
399291
399294
399412
399444
399599
399826
399831
400154
400266
400333
400354
400443
400939
401007
401013
401022
401140
401421
401436
401831