1897
1930
2860
3243
5516
5533
5626
6424
6773
8609
8657
9118
9186
12305
12353
12527
12542
12833
12926
13134
13156
13200
15457
15525
24698
24768
25005
25060
25253
28672
28998
29003
29615
29673
31401
31413
31497
33813
33876
34122
34425
34643
34873
35038
35757
35822
38993
39384
41058
41159
41345
41425
41708
41962
42580
42863
43062
43064
43643
43652
43887
43990
44055
44222
44785
47202
47310
47784
47787
47943
49260
49349
49941
50028
50271
50293
50666
51126
51171
51512
52042
56849
57350
59528
59690
59787
61017
61290
62416
64472
197802
199016
199130
199155
199667
199993
200454
200706
200942
200952
201170
201449
201523
201782
201879
202170
202277
202341
202410
202904
203282
203491
204094
205558
206316
207002
207112
207731
207969
208158
208277
208385
208457
208609
209357
209440
209874
209968
210221
210300
210313
210374
211680
212073
212738
212954
213277
213285
213886
213994
214212
214213
214448
214479
214531
214868
214913
214938
215046
215132
215153
215446
216237