23201
27669
27727
27733
27768
27795
27866
27895
28008
28033
28103
52227
52229
52418
52445
52455
61512
64159
64165
64170
262183
262250
263169
263192
263228
263717
263727
263732
263750
263787
263813
264631
264633
264705
264722
264733
264756
264770
264807
264853
265728
265759
265864
266673
266677
266694
266782
266784
266805
266814
266831
266858
266876
267702
267704
267723
267767
267795
267837
267872
267883
267885
267905
267914
267920
269725
269731
269748
269763
269783
269794
269878
269887
269905
269914
269930
269932
269976
270029
270052
270096
271775
271969
272021
272026
272062
272065
272099
272154
272820
272898
272961
272970
273023
273063
273066
273077
273095
273126
273156
273165
273828
273847
273876
273918
273991
274041
274082
274161
274166
274173