2541
2614
3164
3210
3233
3280
3289
5541
5606
6204
6663
6693
6718
6796
6890
6910
8317
8423
8614
8708
8751
8919
8930
8953
8976
9009
9015
9050
9064
9176
12302
12310
12325
12356
12439
12442
12446
12592
12632
12672
12675
12804
12842
13011
13059
13067
13085
13209
13210
15471
15520
15730
15856
15873
15882
16026
16100
16120
16157
16192
16199
16220
17818
20497
20524
20530
20606
20616
20668
20703
20722
20820
20877
20879
20929
20930
21007
21022
21157
21294
21300
21317
21368
24660
24695
24704
24712
24745
24790
24839
24858
24914
24966
25097
25103
25116
25198
25278
25304
25311
25318
25326
25378
25409
25461
25536
28684
28721
28727
28743
28853
28925
29267
29306
29324
29628
30863
30885
30890
30948
31017
31038
31074
31102
31244
31278
31313
31354
31362
31454
31554
31606
31609
31676
31734
33821
33823
33829
33839
33875
33906
33911
33925
33946
33961
33971
33977
34022
34060
34130
34176
34184
34198
34279
34283
34301
34304
34353
34358
34415
34416
34450
34451
34469
34501
34517
34538
34543
34551
34560
34601
34648
34679
34689
34711
34714
34723
34740
34744
34794
34795
34808
34847
34915
34916
34951
35010
35020
35093
35149
35161
35261
35267
35268
35270
35277
35291
35307
35322
35348
35351
35371
35386
35397
35413
35436
35449
35450
35468
35478
35490
35505
35577
35584
35597
35604
35626
35725
35726
35771
35772
35775
35797
35818
38935
38947
38981
39002
39011
39081
39082
39105
39107
39124
39126
39203
39205
39211
39224
39226
39260
39276
39277
39306
39312
39327
39342
39345
39346
39347
39383
39385
39391
39411
39420
39425
39464
39474
39492
39502
39511
39516
39531
39543
39581
39622
39629
39646
39668
39669
39732
39734
39737
39743
39745
39756
39758
39777
39797
39803
39809
39815
39829
39861
39877
39888
39903
39930
40975
40984
40998
41028
41043
41055
41087
41111
41131
41141
41151
41192
41195
41210
41219
41270
41295
41353
41432
41461
41486
41492
41494
41496
41530
41534
41536
41537
41573
41635
41638
41646
41732
41749
41752
41763
41806
41807
41818
41832
41850
41852
41858
41859
41953
41954
41971
41978
41984
42026
42073
42089
42094
42123
42142
42200
42225
42234
42264
42280
42294
42296
42324
42397
42405
42417
42423
42426
42452
42508
42568
42599
42614
42616
42637
42640
42660
42712
42731
42756
42786
42790
42800
42890
42921
42934
42939
43007
43008
43040
43046
43224
43230
43283
43376
43431
43459
43461
43464
43466
43473
43474
43483
43587
43609
43626
43631
43703
43704
43736
43780
43807
43839
43840
43890
43891
43899
43904
43927
43938
44024
44043
44081
44106
44120
44148
44154
44157
44184
44203
44211
44271
44277
44418
44544
44580
44605
44675
44679
44682
44719
44738
44739
44740
44761
44807
44826
44830
44861
44867
44875
44906
44909
44960
45035
45047
47142
47220
47225
47230
47291
47319
47345
47366
47388
47390
47412
47414
47424
47427
47458
47505
47511
47574
47602
47619
47662
47667
47687
47703
47731
47734
47742
47774
47792
47836
47848
47915
47950
47958
47991
48012
48067
48074
48112
48114
48141
48161
48167
48242
48332
48336
48338
48351
48373
48453
48459
48537
48556
48563
48571
48593
48616
48669
48671
48705
48736
48749
48754
48786
48808
48810
48831
48836
48837
48843
48852
48865
48874
48878
48881
48928
48929
48930
48948
48955
48999
49021
49023
49052
49062
49074
49077
49078
49123
49150
49164
49169
49171
49174
49203
49252
49256
49259
49266
49270
49295
49298
49302
49348
49365
49379
49383
49384
49410
49423
49437
49468
49496
49507
49591
49595
49645
49646
49674
49678
49687
49719
49734
49746
49774
49852
49894
49907
49909
49918
49948
49990
50008
50080
50102
50137
50150
50190
50192
50200
50209
50220
50252
50275
50322
50347
50357
50369
50402
50413
50424
50437
50447
50515
50578
50604
50614
50637
50659
50660
50667
50680
50723
50819
50884
50886
50887
50912
50921
50939
50940
50944
50945
50970
50983
50984
50990
50991
51024
51029
51072
51094
51098
51099
51102
51108
51177
51179
51195
51204
51239
51240
51244
51284
51295
51322
51325
51332
51398
51441
51461
51474
51480
51541
51568
51626
51627
51643
51654
51689
51709
51712
51746
51755
51779
51793
51799
51808
51835
51854
51881
51885
51909
51911
51949
51970
52023
52044
52057
52149
52159
52189
52202
52204
52211
52223
56397
56417
56430
56432
56458
56499
56502
56512
56514
56519
56553
56555
56570
56585
56629
56654
56684
56729
56744
56746
56750
56770
56771
56795
56871
56885
56887
56940
56951
56967
56970
57009
57028
57034
57050
57060
57071
57082
57098
57105
57126
57130
57132
57136
57176
57177
57180
57185
57217
57275
57283
57299
57316
57322
57326
57392
57403
57444
57446
57464
57495
57500
57514
57535
57611
57635
57640
57646
57647
57668
57746
57772
57790
57792
57815
57879
57938
57964
57984
57992
58022
58023
58028
58034
58038
58043
58074
58078
58114
58126
58153
58170
58174
58175
58180
58195
58197
58204
58218
58247
58337
58612
59398
59400
59401
59421
59462
59488
59511
59532
59563
59590
59629
59632
59677
59735
59765
59784
59854
59892
59910
59922
59923
59934
59938
59940
59947
59995
59999
60026
60033
60078
60088
60089
60090
60100
60104
60118
60125
60149
60201
60303
60403
60450
60453
60509
60531
60574
60583
60604
60615
60644
60657
60676
60694
60696
60709
60761
60766
60905
60907
60909
60982
60984
60985
60995
60996
60998
61002
61033
61050
61096
61115
61120
61139
61179
61204
61225
61243
61278
61279
61348
61353
61389
61412
61958
62030
62032
62034
62042
62053
62074
62101
62114
62124
62127
62151
62162
62185
62226
62279
62302
62306
62307
62311
62315
62322
62329
62335
62342
62350
62380
62388
62390
62445
62448
64398
64417
64441
64471
196783
197065
197134
197357
197432
197476
198099
198173
198373
198447
198458
198574
198879
198914
199071
199189
199429
199498
199513
200298
200492
200826
201190
201308
201334
201381
201382
201383
201384
201385
201387
201388
201482
201485
201486
201490
201805
201909
202003
202151
202183
202203
202637
202779
202842
203053
203305
203574
203775
203809
203929
203960
204111
204156
204157
204184
204221
204616
204641
204972
205001
205071
205087
205095
205275
205539
205557
205859
205861
206001
206275
206382
206431
206447
206486
206491
206510
206763
206788
207115
207129
207148
207675
207679
207703
207737
207743
207752
207783
207913
207958
208096
208179
208185
208445
208475
208776
209018
209157
209252
209433
209644
209652
209767
209820
209856
209882
209951
210060
210141
210343
210709
210713
210718
210822
210840
210878
210927
211209
211294
211306
211313
211327
211412
211462
211611
211701
211836
211857
211916
211940
211983
212192
212212
212221
212258
212499
212577
212593
212816
212845
212929
212938
212997
213240
213264
213323
213370
213445
213538
213590
213634
213679
213871
213910
214062
214133
214205
214265
214330
214341
214391
214529
214530
214709
214725
214890
214918
215014
215016
215082
215126
215166
215201
215220
215230
215339
215362
215404
215417
215464
215545
215548
215552
215578
215647
215659
215692
215729
215945
215973
216088
216112
216120
216249
216281
216462