6700
8270
8400
8534
8771
9081
9125
12823
13004
13091
13092
13303
15832
15926
15958
15982
21215
25337
25431
28964
29163
29604
31042
31161
34131
34258
34299
34404
34724
35779
35796
39311
39377
39724
39796
41404
41507
41897
41937
42186
42603
43084
43125
43191
43277
43281
43335
43547
43608
43784
44143
44287
44301
44958
47222
47267
47479
47663
47666
48015
48164
48234
48414
48580
48708
49122
49167
49198
49412
49486
49714
49717
50653
50693
50781
50872
51002
51404
51602
51629
51859
51908
51927
52021
52026
52068
52072
52105
52116
56452
56569
56576
56681
56816
56843
57207
57262
57486
57550
57595
57722
58179
58266
59544
59609
59737
59864
59992
60137
60733
60871
61065
61332
62012
62420
196886
197423
198237
198273
198360
198370
198371
198421
198649
198691
198961
199315
199493
200287
200305
200855
200923
201047
201236
201278
201711
202417
202441
202720
202749
202977
203186
203487
203512
203572
203752
203877
204215
204753
204851
205007
205065
205201
205313
205354
205450
205503
205613
205620
205786
205949
206034
206542
206580
207068
207069
207604
208398
208798
208898
209130
209471
210133
211285
211449
211988
212492
212638
212842
212897
213008
213142
213180
213306
213390
214833
215067
215493
215829
215930
215949
216024
216053