3311
8895
12524
12529
15505
20759
21002
24731
25019
25233
28938
29160
29255
29684
29690
30815
30857
31177
31416
31699
34397
34400
34426
35338
35427
35629
35681
35753
35819
39064
39228
39358
39370
39386
39891
41054
41132
41176
41215
41426
41594
41659
41739
41810
42028
42067
42182
42333
42411
42428
42591
42684
42769
42838
42943
43316
43334
43378
43706
43766
43775
43977
43987
44138
44465
44577
44623
44689
47146
47327
47344
47606
47794
47805
47907
48204
48237
48695
48840
48932
48937
49240
49257
49317
49474
49610
49833
50280
50517
50880
50999
51549
51670
51975
56714
56865
57458
57689
57799
57863
57900
57968
58025
58250
58277
59771
60050
60055
60161
60621
61073
61268
61398
62415
62452
196848
197247
197989
197994
198254
198406
198795
200025
200366
200852
201484
201768
201769
201771
201927
202105
202379
202392
202982
203116
203268
203378
204011
205222
205251
206694
206878
206942
207276
207443
207544
207661
208140
208472
208520
209197
209308
209342
209421
209444
209464
209497
209905
210248
210268
210275
210859
211050
211226
211266
211459
211764
212436
212758
212848
212889
213473
213535
213675
213797
213838
214156
214303
214329
214754
214905
215072
215442
215524
215557
215611
215861
216292
216396
216406
216407
216465