20180
21242
34046
34888
35112
36867
36902
36958
37343
37518
37707
37740
42624
42745
43180
46805
47464
47739
49111
51370
51381
51711
56873
56897
57858
57972
60039
60485
61202
61336
63119
133772
134979
198738
199834
200195
200699
201118
201162
201744
201936
202425
202492
203429
203538
204615
205083
205125
206264
206776
207557
207616
208220
208273
209101
209132
209272
210334
210530
210848
211238
211632
211720
211922
212471
213355
213373
213438
216206
216213
327709
327837
327861
328247
328383
328543
328703
328958
329225