918
1299
1729
1755
1833
1878
1879
1880
1881
1882
1883
2799
2831
2832
2833
2834
2835
2836
2837
2838
2839
2840
2841
2842
2843
2844
2845
2846
2859
2863
2865
3166
3246
3301
3306
3308
3309
3399
5574
5601
6780
6782
6797
7589
8213
8233
8289
8385
8434
8464
8473
8479
8516
8523
8532
8642
8674
8748
8769
8837
8873
8949
8973
8984
8995
8996
9045
9046
9047
9088
9167
9201
12381
12384
12435
12501
12552
12597
12740
12782
12805
12935
12939
13063
13116
13189
13214
13308
15519
15782
15793
15869
15912
15980
15991
16037
16115
16117
16150
16251
16253
16261
16312
16375
19399
20513
20514
20574
20625
20626
20861
20888
20943
21195
21200
21201
21202
21227
21250
21485
24605
24668
24809
24813
24819
25037
25072
25146
25169
25172
25176
25223
25252
25387
25417
25466
25473
25545
28680
28726
28847
28854
28908
28931
28954
29024
29216
29217
29344
29468
29518
29602
29671
29672
30795
30811
30821
30880
30893
30921
31021
31331
31337
31507
31568
31574
31634
31642
31644
33837
33885
33886
33907
33976
33980
34025
34133
34234
34236
34244
34385
34576
34607
34622
34628
34652
34686
34941
34946
34950
34965
35041
35073
35100
35121
35382
35445
35488
35542
35543
35565
35605
35634
35706
35742
35790
35814
38945
38956
38982
39021
39052
39078
39137
39204
39301
39351
39362
39369
39467
39490
39570
39643
39648
39651
39656
39658
39731
39778
39806
39840
39870
39871
39889
39910
41001
41063
41105
41136
41174
41175
41216
41243
41340
41401
41407
41528
41545
41584
41634
41753
41819
41848
41884
41943
41980
41992
42201
42230
42251
42303
42307
42309
42318
42523
42595
42622
42649
42675
42695
42708
43012
43018
43021
43036
43065
43071
43096
43099
43101
43504
43591
43645
43665
43770
43809
43844
43853
43893
43894
43898
43922
43948
43969
43974
44013
44034
44111
44123
44136
44176
44236
44320
44368
44394
44447
44517
44529
44581
44743
44746
44757
44769
44813
44838
44883
45011
45036
47155
47234
47287
47467
47698
47699
47708
47859
47953
47970
48042
48093
48116
48171
48220
48445
48448
48466
48514
48579
48657
48764
48767
48768
48803
48833
48871
48904
48942
48994
49065
49079
49172
49222
49232
49251
49272
49292
49303
49329
49408
49419
49515
49769
49770
49858
49862
49949
49959
49969
50066
50168
50171
50273
50420
50521
50572
50650
50678
50683
50764
50791
50821
50827
50904
50986
50989
51040
51132
51149
51368
51422
51519
51546
51650
51701
51747
51807
51815
51821
51826
51899
51913
51929
51956
52005
52011
52019
52177
52192
56414
56531
56563
56625
56645
56700
56711
56734
56735
56736
56848
56883
56908
56946
56961
56976
57021
57083
57084
57131
57151
57195
57208
57220
57238
57327
57597
57602
57630
57748
57773
57782
57851
57955
57967
58252
58317
58320
58343
59408
59586
59702
59727
59750
59807
59835
59913
59951
60053
60094
60133
60184
60205
60213
60238
60269
60285
60376
60396
60433
60582
60662
61146
61162
61207
61229
61282
61413
62001
62020
62094
62116
62131
62180
62183
62305
62355
62395
62463
64403
64449
134397
134784
135270
196704
196793
196967
197116
197308
197323
197332
197425
197430
197436
197541
197557
197564
197581
197603
197617
197623
197771
197775
197784
197799
197854
197855
197942
198008
198054
198093
198217
198302
198347
198450
198463
198476
198538
198549
198568
198581
198612
198837
198848
198866
198902
198965
199150
199215
199345
199355
199443
199470
199520
199543
199544
199564
199768
199780
199781
199882
199885
199902
199950
199973
199977
200018
200060
200090
200144
200150
200300
200460
200550
200559
200588
200591
200606
200701
200705
200712
200719
200765
200820
200832
200834
200881
200981
201013
201023
201087
201146
201154
201171
201216
201317
201456
201604
201633
201641
201816
201869
201983
202064
202093
202111
202116
202188
202287
202296
202301
202314
202395
202474
202646
202671
202681
202687
202780
202812
202837
202866
202891
202910
202922
202967
203052
203092
203158
203174
203191
203192
203193
203194
203213
203240
203241
203245
203249
203267
203295
203297
203298
203300
203383
203426
203428
203471
203552
203605
203610
203625
203736
203788
203800
203814
203839
203949
204015
204068
204074
204075
204087
204101
204164
204179
204302
204334
204398
204468
204475
204521
204538
204714
204847
204850
204863
204896
205016
205078
205151
205166
205180
205198
205199
205332
205339
205574
205658
205664
205788
205834
205841
205875
205916
205966
206013
206040
206096
206114
206117
206170
206209
206258
206279
206288
206312
206320
206377
206387
206393
206408
206482
206532
206593
206627
206774
206799
206829
206858
206884
206889
207074
207090
207099
207150
207152
207166
207322
207374
207396
207448
207470
207494
207538
207683
207804
207814
207821
207825
207864
207919
207932
207947
208001
208043
208159
208201
208282
208298
208373
208453
208478
208514
208583
208610
208639
208662
208721
208760
208822
208933
208947
209041
209075
209159
209236
209256
209266
209315
209437
209454
209508
209570
209578
209659
209668
209705
209797
209840
209960
210089
210140
210317
210365
210409
210422
210466
210483
210564
210614
210629
210648
210679
210802
210805
210901
211039
211168
211227
211231
211353
211363
211434
211453
211502
211551
211564
211899
211927
212021
212079
212084
212155
212220
212287
212309
212515
212632
212662
212725
212804
213015
213072
213113
213170
213188
213195
213327
213366
213540
213591
213593
213595
213688
213701
213723
213923
213976
214046
214097
214202
214251
214256
214301
214302
214338
214387
214474
214503
214581
214640
214686
214701
214813
214837
214853
215063
215138
215273
215331
215335
215393
215395
215399
215403
215449
215586
215615
215616
215783
215836
215855
216025
216113
216270
216347
216350
216415