931
963
997
1250
1825
3119
3758
4352
4620
4628
4631
4657
4765
4773
4817
4836
4844
4907
7387
7472
7473
7595
7607
7610
7634
7658
7700
9226
9234
9247
9255
9292
9419
9450
9465
9481
9506
9649
9656
9664
9731
9748
9798
9827
9874
9877
9890
9892
9911
9989
10024
10031
10074
10082
10086
10091
10102
10117
10120
10122
10140
10146
10149
10230
17441
17493
17547
17548
17549
17558
17560
17617
17644
17645
17733
17743
17761
17819
17886
17926
17927
18019
18106
18113
18219
18221
18224
18228
18377
18402
23653
23703
23711
23728
23767
23855
23856
23864
23896
23920
23936
23939
23979
23986
24024
24030
24038
24096
24114
24312
24319
24331
24467
24482
24493
24546
24552
37989
38001
38028
38137
38258
38282
38316
38321
38325
38386
38489
38532
38545
38621
38798
38801
38860
38861
38862
38865
43081
45133
45139
45143
45159
45166
45227
45241
45244
45414
45445
45470
45477
45501
45505
45566
45634
45736
45755
45794
45795
45802
45817
45919
45938
45941
46066
46078
51356
55332
55336
55348
55415
55418
55421
55426
55430
55487
55497
55504
55518
55553
55562
55743
55755
55770
55781
55843
55854
55855
55919
56039
56080
56094
56114
56122
56161
56172
56173
56175
56197
56198
56215
56274
56289
56300
56308
56311
58436
58513
58521
58562
58578
58619
58621
58669
58679
58751
58795
58867
58885
58982
59117
59210
59211
59241
59245
59253
59258
59326
59345
59347
59364
59369
60021
63523
63832
63834
63912
63930
63943
63948
63949
63970
64003
64010
64049
64086
131165
131195
131208
131217
131219
131236
131244
131259
131339
131444
131466
131475
131582
131790
132011
132016
132039
132047
132053
132081
132132
132138
132200
132204
132236
132237
132242
132243
132247
132253
132265
132271
132277
132281
132286
132288
132293
132307
132312
132328
132332
132337
132348
132356
132396
132398
132399
132406
132425
132465
132466
132472
132500
132526
132589
132690
132696
132699
132700
132708
132731
132734
132739
132804
132816
132824
132829
132910
132915
133013
133025
133058
133097
133103
133134
133136
133151
133160
133165
133210
133327
133387
133390
133391
133411
133422
133426
133449
133456
133462
133466
133470
133471
133472
133487
133497
133535
133541
133587
133600
133622
133728
133735
133748
133757
133794
133850
133862
133868
133882
133891
133903
133911
133912
133921
133959
134078
134079
134082
134144
134148
134190
134193
134206
134214
134349
134363
134407
134457
134469
134474
134476
134514
134515
134534
134546
134547
134566
134588
134594
134607
134667
134677
134699
134831
134842
134963
134981
134998
135002
135008
135009
135014
135048
135066
135074
135093
135102
135103
135114
135134
135291
135354
135382
135409
135411
135412
135418
135437
135521
135522
135525
135530
135531
135577
135600
135623
136029
136041
136149
136169
136202
136261
136270
136439
136459
136464
136473
136511
136537
136553
136593
136599
136601
136606
136733
136736
136785
136817
136892
136968
137003
137043
137061
137182
137190
137205
137253
137269
137272
137393
137456
137468
137476
137535
137563
137567
137825
137831
137865
137870
137904
137928
137932
137948
137954
137962
137988
137991
138199
138341
138345
138419
138433
138450
138458
138463
138481
138526
138539
138552
138588
138591
138593
138606
138608
138610
138626
138699
139028
139057
139062
139070
139079
139083
139190
139225
139264
139291
139341
139349
139475
139601
139617
139625
139631
139644
139655
139677
139690
139709
139739
139746
139829
139883
139895
139896
140052
140362
140577
140578
140584
140590
140592
140605
140610
140629
140661
140666
140677
140719
140845
140899
140902
140920
140928
140939
140982
141042
141180
141190
141205
141235
141354
141364
141367
141379
141384
141389
141466
141469
141678
141697
141753
141760
141777
141883
141995
142002
142026
142036
142066
142110
142119
142138
142146
142160
142275
142292
142564
142565
142624
142636
146962
147003
147188
148973
149008
149010
149020
149040
149059
149167
149290
149431
149493
149642
149799
149813
149818
149981
150003
150006
150120
150157
150171
150183
150288
150317
150326
150347
150378
150423
150436
150443
150453
150725
151053
151059
151190
151209
151326
151334
151358
151361
151399
151404
151469
151481
151495
151609
151610
151611
151644
151665
151804
151829
151830
151836
151958
152091
152143
152144
152166
152339
152475
152583
152587
152666
152700
152719
152885
152903
152913
153164
153201
153305
153314
153325
153344
153454
153474
153510
153529
153560
153594
153599
153900
153906
154049
154085
197537
202430
202736
204936
205142
205983
206753
208959
209792
210205
211103
211747
212628
212995
213122
213845
213855
214766
215384
216245
399114
400061
401556
401581