1018
2107
3212
5435
5603
6764
8307
8558
8591
8727
9001
9119
12644
12778
12785
15393
15664
15767
15822
15889
15946
16016
16104
16184
20526
20691
20892
21196
21283
21401
21441
24629
24728
24747
24908
25017
25020
25034
25059
25066
25149
25173
25303
25467
25499
25541
28682
28850
28933
28951
28984
28985
29015
29051
29121
29273
29276
29374
31060
31134
31545
31687
31711
33850
33918
34024
34367
34488
34717
34779
35023
35099
35186
35343
35471
35561
39187
39320
39387
39497
39727
39872
41104
41182
41427
41505
41543
41582
41630
41640
41716
41828
41916
41970
42207
42273
42681
42700
42757
42791
42948
43034
43061
43128
43164
43351
43427
43462
43663
43854
44073
44085
44463
44524
44549
44615
44632
44667
44730
44744
44823
44968
44993
45002
47336
47360
47676
47903
47904
47917
47993
48016
48222
48388
48398
48419
48573
48609
48653
48772
48774
48894
49015
49066
49402
49407
49590
49593
49618
49636
49754
49853
49896
49927
50093
50195
50344
50592
50634
50815
51143
51509
51565
51573
51615
51644
51735
51790
51816
51988
52035
56481
56513
56635
56651
56695
56993
57291
57517
57532
57554
57623
57854
58046
58056
58213
59449
59834
60114
60215
60435
60973
62255
64465
196772
196837
196846
196895
196912
197045
197209
197266
197326
197391
197416
197441
197470
197511
197514
197536
197546
197579
197635
197655
197663
197679
197796
197843
197864
197877
197881
197907
197944
198061
198213
198245
198298
198307
198470
198524
198572
198644
198827
198841
198923
199050
199249
199268
199612
199638
199951
199971
200325
201395
201522
201905
201985
202137
202442
202456
202547
202840
203466
203618
203671
204177
204500
204501
204771
204984
205379
205403
205404
205405
205509
205962
207318
207746
207774
208243
209009
209411
209996
210119
210197
210715
210719
210857
211237
211256
211606
211776
211884
212170
212405
212548
212563
212597
212979
213115
213706
214167
214499
214850
215009
215472
215844
216372
216420