1902
1922
2607
5578
5628
6658
6726
6803
6855
6862
8257
8288
8290
8597
8620
8778
8887
12426
12508
12905
12917
15497
15962
16006
16142
16160
16295
16354
16367
20579
20581
20949
21019
21460
24727
24744
24791
25373
25496
28952
29148
29405
29531
30898
30929
31117
31127
31193
31230
31679
34443
34462
34521
34633
34791
34820
35328
35476
35493
38949
39456
39574
39774
39854
41318
41591
41899
42005
42244
42826
42841
43248
43451
43653
44001
44185
44234
44452
44631
47483
47867
48133
48211
48304
48326
48473
48689
48907
49044
49115
49117
49460
49659
49798
50128
50242
50881
50925
50953
51013
51558
51653
51876
51947
52139
56349
56356
56572
56656
56747
56800
56817
56926
56933
56937
56955
57051
57248
57414
57475
57539
57547
57566
57606
57710
57716
57760
57788
57801
58014
58044
58130
58245
58275
58328
59477
59548
59796
60296
60533
60585
60715
60791
60829
60895
61241
61335
61424
64488
196682
196900
196944
197398
197642
198113
198543
199784
200222
200355
200399
200771
200860
201090
201603
201702
201841
201890
201924
201997
202564
202819
202876
203103
203122
203480
203933
204017
204058
204070
204365
204690
204691
204716
204749
205055
205164
205168
205428
206110
206194
206198
206759
206909
207437
207981
208429
208667
208668
208670
208882
209070
209212
209250
209251
209429
209531
209816
209998
210117
210263
211490
211689
212473
212537
212974
213247
213609
213906
214072
214087
214396
214400
214851
215695
215798
216051
216083