3836
3839
4274
4618
4621
4651
4741
4750
4762
4767
4776
4784
4823
4827
4856
7470
7485
7568
7588
7596
7613
7616
7630
7636
7654
7693
7715
9287
9335
9339
9397
9411
9464
9475
9486
9533
9546
9551
9562
9587
9715
9737
9741
9835
9891
9903
9931
10028
10089
10151
10227
17425
17460
17468
17475
17478
17479
17489
17499
17552
17556
17565
17634
17724
17823
17827
17887
17901
17980
18197
18215
18252
18256
18356
18362
18386
18408
18409
23602
23644
23656
23683
23687
23717
23873
23883
23884
23891
23892
23919
23925
23927
23932
23969
23974
24040
24042
24060
24067
24083
24097
24128
24187
24190
24214
24217
24237
24299
24326
24328
24344
24378
24379
24393
24453
24455
24465
24472
24475
24491
24540
24573
37930
37932
37977
37983
37992
38002
38024
38034
38040
38081
38184
38223
38228
38231
38239
38265
38293
38296
38297
38326
38328
38443
38444
38448
38450
38460
38543
38554
38566
38589
38599
38601
38618
38718
38794
38815
38820
38886
38888
38889
38899
45134
45142
45173
45197
45199
45223
45229
45248
45254
45255
45265
45328
45413
45430
45441
45455
45456
45458
45471
45503
45520
45530
45533
45537
45575
45581
45629
45642
45652
45662
45667
45752
45758
45764
45781
45788
45796
45800
45805
45806
45847
45878
45958
45959
46013
46079
55325
55339
55403
55407
55423
55451
55465
55476
55488
55490
55498
55514
55538
55545
55549
55554
55634
55635
55642
55646
55760
55790
55802
55808
55844
55864
55867
55868
55916
55925
55927
55932
55938
56018
56067
56085
56112
56117
56118
56120
56130
56134
56223
56277
56309
58370
58430
58544
58547
58586
58690
58692
58806
58930
58955
59238
59374
63528
63940
63951
63972
63989
64045
131087
131089
131162
131163
131191
131221
131246
131249
131257
131293
131445
131447
131460
131472
132009
132013
132032
132061
132062
132063
132086
132107
132117
132133
132163
132172
132201
132202
132207
132250
132280
132300
132412
132455
132482
132493
132514
132545
132605
132618
132681
132701
132821
132838
132842
132866
132876
132879
132880
132920
133042
133063
133065
133152
133163
133167
133193
133328
133376
133481
133504
133529
133540
133543
133581
133602
133751
133760
133761
133763
133791
133848
133880
133888
133907
133909
133910
133919
133947
133956
134064
134073
134086
134089
134095
134097
134100
134137
134162
134166
134223
134240
134402
134438
134461
134509
134538
134592
134600
134681
134682
134686
134690
134695
134718
134776
134811
134817
134826
134839
135012
135034
135063
135070
135129
135141
135279
135290
135329
135381
135419
135511
135528
135529
135566
135586
135588
135616
135617
135620
135635
135670
135676
136023
136035
136040
136048
136051
136147
136158
136182
136208
136393
136457
136458
136484
136485
136496
136504
136507
136523
136527
136538
136564
136579
136581
136605
136624
136737
136781
136906
136942
136947
136995
137058
137198
137215
137241
137261
137277
137392
137394
137422
137423
137489
137545
137546
137557
137566
137850
137856
137875
137876
137885
137919
137977
138003
138156
138204
138215
138344
138353
138366
138422
138427
138434
138494
138507
138524
138547
138616
138618
138670
138685
138691
138906
138911
138962
138967
139010
139014
139031
139082
139191
139198
139295
139313
139329
139339
139474
139591
139657
139702
139724
139753
139889
139892
140032
140075
140305
140326
140379
140575
140618
140660
140662
140689
140699
140706
140725
140867
140918
140983
140985
141162
141188
141207
141214
141362
141390
141428
141454
141685
141692
141713
141714
141715
141736
141780
142029
142108
142131
142299
142435
142437
142599
142609
146996
147027
147176
147187
147300
147312
148984
148997
149036
149503
149640
149762
149766
149796
149800
149803
149805
149853
149996
150107
150119
150124
150148
150181
150300
150332
150388
150410
150432
150674
150675
150686
150703
150787
151040
151337
151400
151668
151672
151780
151808
151825
151827
151959
151985
152102
152127
152130
152190
152445
152461
152463
152465
152599
152664
152694
152722
152727
152734
152845
152915
153163
153182
153357
153363
153459
153464
153537
153645
153657
153659
153730
153746
153787
153996
204916
205977
215748
216049