1659
1768
3462
4636
4662
4747
4780
4845
7478
7480
7481
7532
7541
7618
7649
7655
7708
9216
9244
9264
9267
9311
9346
9415
9416
9505
9539
9671
9674
9831
9915
10085
10126
10133
10135
10229
11467
17408
17413
17502
17651
17657
17709
17809
18040
18177
18217
18248
18391
18410
23675
23712
24153
24235
24506
38042
38045
38059
38187
38254
38385
38797
38837
44937
45125
45250
45342
45592
45599
45761
45930
49608
51930
55417
55576
55789
56179
56913
57401
57429
59234
59268
63891
63929
131142
131164
131273
131584
131641
132012
132157
132737
132738
133089
133158
133375
134094
134522
134823
135387
135561
135596
135631
136378
136444
136462
136756
137524
138646
139065
139471
139903
140079
140958
141742
141758
142005
142046
142061
142062
149423
149791
150137
150754
151188
152609
152737
153891
198954
199203
200213
202820
202881
203405
203472
203843
204677
205329
207344
207389
207468
207469
207705
208223
209100
209470
210384
210445
210507
210932
211042
211749
212154
212279
212331
212357
212358
212359
212360
212425
212969
213428
213430
213617
214030
214084
214821
214841
215165
215191
215256
215451
215506
215530
215934
215993
216118
216123
216198