12143
22354
31810
32860
33765
33791
36908
36909
36930
36965
37013
37027
37035
37045
37084
37085
37126
37133
37143
37182
37218
37349
37359
37362
37364
37419
37454
37496
37576
37607
37710
37769
37777
37778
37779
327706
327714
327728
327730
327771
327774
327778
327792
327795
327819
327844
327852
327859
327885
327888
327900
327905
327912
328017
328018
328022
328075
328139
328294
328325
328326
328436
328478
328499
328504
328514
328545
328557
328607
328676
328700
328751
328775
328783
328805
328838
328845
328849
328865
328885
328895
328930
328950
328980
329013
329034
329155
329172
329178
329221
329242
329251
329292
329304
329322
329393
329413
329420
329448
329450
329466
329488
329495
329499
329524
329529
329530
329537
329545
329548