2601
2864
3236
3254
3255
3261
3279
3319
3326
5380
5530
6698
6702
6703
6712
6723
6768
6807
6846
6849
6876
6877
6886
8192
8207
8258
8274
8343
8461
8494
8601
8647
8695
8719
8772
8779
8788
8811
8813
8856
8870
9131
9164
9202
9205
9213
12294
12397
12408
12421
12438
12530
12545
12548
12593
12639
12662
12687
12700
12706
12773
12788
12803
12837
12883
12933
12963
12986
12998
13023
13027
13032
13053
13103
13107
13121
13188
13202
13249
13252
13281
13307
15377
15386
15458
15461
15577
15595
15596
15645
15683
15713
15738
15742
15785
15800
15821
15895
15929
16005
16007
16044
16066
16124
16181
16213
16223
16324
16327
20516
20536
20539
20590
20660
20709
20714
20725
20733
20754
20785
20790
20796
20833
20850
20897
20934
20950
20971
20979
21011
21029
21075
21096
21141
21151
21219
21228
21256
21257
21261
21308
21310
21312
21330
21338
21376
21379
21432
21437
21488
21497
21500
24579
24593
24609
24610
24618
24621
24630
24681
24682
24703
24725
24726
24812
24857
24872
24882
24893
24937
24945
24962
24995
24999
25015
25029
25071
25082
25085
25092
25099
25118
25119
25133
25143
25150
25155
25165
25174
25183
25199
25210
25216
25229
25236
25256
25269
25282
25315
25330
25370
25372
25385
25386
25398
25403
25448
25456
25482
25498
25500
25502
25503
25505
25514
25521
25526
25529
25533
25553
28681
28724
28750
28773
28790
28804
28830
28858
28974
28975
28994
28996
29012
29013
29034
29035
29044
29067
29074
29095
29102
29116
29130
29146
29181
29186
29203
29213
29215
29242
29275
29325
29335
29342
29375
29382
29389
29420
29421
29427
29436
29442
29443
29469
29475
29491
29496
29508
29534
29559
29574
29576
29597
29599
29618
29637
29663
29683
29688
30735
30771
30777
30779
30790
30828
30849
30859
30860
30861
30886
30891
30966
31000
31009
31023
31035
31044
31061
31062
31069
31072
31077
31091
31113
31145
31148
31149
31158
31173
31187
31206
31210
31234
31247
31272
31305
31343
31347
31350
31360
31378
31388
31437
31447
31468
31469
31489
31504
31520
31531
31542
31556
31560
31589
31593
31598
31633
31685
31725
33817
33927
33978
33997
33999
34056
34058
34065
34068
34092
34094
34118
34136
34142
34143
34187
34190
34204
34214
34251
34259
34265
34278
34280
34312
34321
34323
34331
34346
34355
34359
34379
34399
34448
34570
34579
34605
34661
34668
34700
34715
34720
34743
34776
34786
34792
34799
34814
34840
34859
34867
34870
34877
34933
35004
35057
35067
35123
35144
35166
35213
35296
35297
35308
35319
35320
35325
35340
35345
35352
35362
35365
35412
35442
35497
35524
35530
35562
35583
35586
35588
35602
35614
35639
35649
35680
35688
35689
35714
35731
35737
35781
35795
35800
35804
38931
38957
38960
38961
39027
39043
39049
39056
39065
39066
39071
39084
39096
39127
39128
39130
39147
39189
39199
39222
39223
39230
39247
39262
39297
39299
39300
39307
39315
39329
39331
39334
39348
39361
39399
39422
39431
39443
39445
39468
39471
39512
39513
39528
39546
39557
39558
39608
39644
39667
39680
39695
39720
39722
39742
39748
39762
39772
39810
39822
39848
39851
39862
39902
39908
39916
39924
39928
40972
40978
40983
40991
41009
41018
41027
41062
41081
41084
41096
41115
41119
41120
41129
41150
41165
41166
41205
41229
41244
41260
41278
41283
41285
41288
41305
41316
41317
41320
41323
41328
41350
41360
41375
41435
41467
41478
41485
41501
41502
41510
41513
41544
41550
41565
41568
41583
41586
41588
41598
41600
41631
41645
41649
41656
41665
41671
41684
41685
41709
41710
41724
41737
41758
41761
41762
41773
41781
41784
41791
41813
41820
41834
41871
41875
41888
41910
41911
41917
41940
41967
41985
41987
42014
42041
42051
42052
42054
42057
42066
42068
42074
42095
42105
42112
42134
42138
42146
42159
42164
42174
42195
42209
42222
42250
42259
42292
42327
42331
42350
42352
42379
42396
42419
42439
42441
42458
42471
42489
42501
42504
42505
42510
42512
42530
42545
42546
42556
42563
42600
42602
42620
42641
42648
42655
42670
42671
42702
42711
42714
42719
42723
42727
42768
42780
42782
42798
42799
42802
42824
42883
42905
42982
43010
43017
43022
43032
43047
43049
43050
43051
43067
43086
43103
43109
43110
43120
43124
43133
43137
43139
43143
43145
43163
43166
43175
43206
43258
43261
43266
43301
43306
43309
43310
43312
43320
43332
43344
43348
43361
43380
43384
43405
43409
43416
43418
43472
43481
43485
43496
43497
43543
43554
43576
43580
43613
43633
43656
43658
43668
43742
43743
43744
43753
43764
43765
43773
43774
43786
43815
43819
43864
43880
43896
43918
43967
43981
43998
44005
44006
44010
44019
44032
44049
44078
44083
44117
44119
44122
44132
44137
44193
44209
44235
44245
44291
44294
44304
44318
44321
44333
44336
44340
44344
44350
44351
44352
44379
44383
44390
44411
44416
44434
44443
44461
44482
44495
44502
44519
44526
44538
44562
44600
44616
44628
44629
44630
44633
44664
44668
44673
44686
44695
44710
44722
44723
44728
44737
44742
44750
44798
44800
44801
44820
44827
44837
44863
44866
44873
44884
44892
44894
44897
44910
44921
44924
44950
44952
44996
45017
45022
45042
45043
45044
45045
47170
47182
47245
47248
47266
47280
47283
47306
47315
47359
47361
47389
47403
47415
47434
47463
47475
47497
47513
47517
47550
47567
47590
47598
47604
47664
47673
47678
47702
47705
47707
47722
47725
47743
47772
47781
47786
47788
47799
47800
47809
47811
47821
47889
47893
47898
47900
47919
47940
47945
47984
47985
47987
48004
48006
48010
48019
48031
48045
48081
48082
48085
48094
48106
48117
48127
48162
48169
48178
48198
48217
48229
48230
48239
48243
48245
48278
48279
48323
48358
48377
48378
48385
48411
48420
48422
48437
48438
48471
48509
48533
48557
48560
48587
48595
48619
48637
48641
48648
48649
48650
48656
48664
48665
48672
48674
48683
48693
48696
48730
48748
48752
48756
48759
48775
48783
48845
48880
48892
48897
48911
48915
48919
48923
48957
48962
48964
49019
49038
49087
49125
49131
49139
49145
49162
49168
49183
49204
49213
49223
49227
49276
49306
49327
49332
49337
49359
49389
49445
49461
49465
49480
49491
49561
49570
49588
49589
49599
49620
49622
49662
49706
49720
49747
49748
49757
49804
49817
49824
49827
49859
49877
49883
49889
49903
49971
49982
49984
49995
50004
50005
50012
50027
50043
50052
50073
50074
50096
50109
50115
50127
50130
50161
50165
50204
50211
50221
50281
50288
50298
50303
50305
50321
50325
50354
50361
50362
50375
50380
50392
50401
50459
50479
50480
50487
50494
50569
50576
50579
50581
50594
50633
50641
50643
50648
50649
50662
50669
50724
50730
50742
50748
50751
50772
50780
50803
50808
50831
50844
50847
50848
50856
50861
50864
50879
50899
50927
50981
51016
51069
51121
51122
51124
51157
51180
51194
51197
51216
51227
51250
51252
51253
51258
51264
51273
51279
51314
51315
51357
51367
51380
51387
51475
51500
51528
51556
51591
51597
51611
51622
51640
51652
51657
51672
51694
51725
51734
51738
51742
51743
51784
51794
51803
51824
51851
51858
51866
51874
51875
51903
51917
51943
51950
51959
51962
51963
51972
51993
51995
52003
52017
52032
52045
52066
52071
52074
52082
52103
52114
52119
52125
52128
52151
52171
52174
52178
52179
52180
52182
52190
52191
52206
52212
52213
56321
56347
56354
56359
56362
56370
56385
56386
56399
56400
56401
56404
56415
56416
56423
56428
56429
56433
56435
56439
56446
56459
56465
56485
56489
56492
56522
56524
56525
56526
56527
56543
56558
56587
56600
56605
56607
56610
56622
56623
56639
56652
56668
56673
56688
56716
56751
56756
56766
56797
56812
56818
56823
56824
56834
56835
56851
56872
56899
56907
56932
56944
56972
56978
57001
57005
57033
57049
57076
57100
57102
57160
57167
57197
57202
57232
57234
57242
57270
57285
57311
57341
57349
57361
57384
57415
57422
57441
57442
57455
57460
57479
57493
57498
57519
57544
57545
57582
57599
57601
57603
57612
57616
57659
57670
57682
57686
57690
57697
57699
57703
57709
57726
57767
57774
57787
57800
57804
57830
57836
57883
57887
57894
57925
57944
57949
57954
57960
57962
57981
57982
57985
57991
57993
57995
57999
58021
58032
58055
58066
58099
58119
58162
58164
58184
58196
58199
58221
58244
58271
58274
58297
58309
58332
59461
59468
59478
59485
59492
59497
59500
59514
59536
59564
59577
59585
59593
59594
59602
59613
59618
59636
59646
59652
59671
59681
59682
59762
59781
59826
59942
59956
59969
60030
60031
60159
60173
60313
60318
60334
60359
60386
60401
60419
60429
60455
60700
60746
60754
60777
60812
60828
60839
60860
60889
60918
60928
60953
60990
61034
61037
61058
61101
61104
61116
61117
61159
61163
61219
61240
61297
61312
61344
61354
61356
61371
61384
61432
61959
61965
61986
61988
62066
62096
62111
62146
62181
62206
62231
62259
62327
62360
62384
62427
64406
64410
64418
64454
64455
64481
196632
196638
196645
196740
196758
196777
196790
196808
196824
196829
196831
196851
196860
196863
196877
196906
196924
196934
196939
196947
196953
196957
196975
196977
197002
197035
197058
197067
197073
197125
197128
197131
197144
197172
197192
197203
197218
197221
197222
197228
197241
197251
197253
197254
197255
197263
197278
197287
197327
197341
197358
197364
197373
197388
197413
197454
197481
197490
197501
197512
197520
197522
197533
197554
197561
197563
197575
197578
197582
197602
197610
197643
197681
197688
197707
197726
197738
197743
197751
197781
197847
197901
197923
197945
197967
197978
198030
198033
198085
198088
198108
198124
198152
198162
198168
198179
198215
198224
198227
198238
198251
198253
198293
198314
198323
198356
198359
198395
198429
198459
198488
198491
198532
198593
198600
198633
198640
198647
198665
198684
198698
198720
198754
198820
198845
198920
198942
198958
198987
199013
199098
199127
199263
199313
199351
199431
199440
199447
199450
199491
199697
199995
200000
200013
200049
200265
200277
200288
200321
200333
200337
200354
200357
200381
200467
200525
200582
200737
200787
200814
200886
201034
201041
201094
201104
201184
201292
201369
201380
201572
201626
201780
201803
201836
201920
201948
202026
202028
202103
202144
202165
202171
202197
202198
202244
202266
202267
202291
202302
202318
202327
202353
202362
202383
202388
202390
202394
202398
202404
202481
202483
202504
202538
202586
202622
202656
202668
202750
202845
202879
202980
203008
203016
203088
203198
203303
203332
203447
203477
203531
203648
203654
203666
203706
203716
203781
203840
203930
203957
203980
204022
204108
204148
204256
204283
204288
204289
204294
204370
204384
204385
204408
204430
204455
204461
204485
204502
204540
204541
204547
204549
204552
204573
204584
204606
204608
204619
204634
204637
204669
204684
204685
204707
204711
204715
204743
204788
204875
204879
204889
204892
204900
204927
204929
205028
205048
205097
205121
205127
205145
205172
205178
205188
205228
205239
205255
205266
205318
205364
205420
205459
205656
205673
205692
205722
205753
205946
205957
206112
206158
206304
206326
206363
206462
206544
206621
206638
206777
206781
206791
206823
206907
206949
206963
206964
206975
207085
207114
207123
207244
207301
207305
207313
207403
207422
207475
207488
207506
207513
207558
207560
207577
207656
207677
207690
207802
207820
207830
207848
207858
207889
207896
207930
207931
207956
208038
208067
208104
208139
208184
208194
208232
208241
208334
208347
208369
208405
208433
208467
208494
208515
208531
208538
208558
208595
208643
208652
208656
208714
208791
208841
208846
208865
208876
208935
208941
208965
208971
208978
209002
209013
209054
209060
209065
209106
209107
209115
209116
209117
209121
209139
209205
209213
209221
209225
209229
209233
209278
209280
209398
209487
209501
209548
209580
209593
209607
209616
209630
209647
209651
209664
209691
209732
209742
209748
209818
209825
209863
209907
209912
209937
209946
209971
209977
209986
210012
210037
210049
210050
210056
210068
210069
210073
210092
210115
210128
210169
210170
210177
210185
210186
210241
210294
210316
210327
210330
210340
210353
210364
210368
210373
210382
210394
210421
210442
210461
210490
210514
210526
210541
210546
210572
210613
210669
210716
210721
210737
210749
210755
210896
210925
210929
210950
210970
210975
210986
210987
211016
211034
211117
211130
211171
211190
211195
211199
211205
211218
211250
211297
211324
211332
211395
211455
211477
211509
211570
211608
211621
211698
211707
211736
211741
211744
211847
211921
211947
211967
211994
212003
212005
212048
212070
212118
212135
212300
212343
212372
212375
212393
212397
212401
212431
212432
212438
212463
212470
212542
212560
212571
212595
212604
212617
212621
212622
212641
212643
212651
212695
212730
212761
212790
212821
212825
212843
212846
212896
212913
212914
212955
212956
212983
213009
213024
213108
213129
213159
213179
213187
213198
213226
213228
213290
213321
213337
213361
213375
213389
213409
213494
213636
213724
213752
213754
213892
213911
213979
213996
214037
214096
214190
214196
214229
214324
214368
214379
214417
214422
214685
214978
214981
215001
215042
215065
215232
215428
215483
215565
215579
215699
215715
215763
215765
215840
215887
215951
215976
216012
216161
216271
216288
216386