3487
3496
3556
3636
4209
4535
4944
5005
6306
6545
7927
7965
8048
8053
8056
10293
10463
10624
11562
11694
12248
14231
14285
16607
17205
17287
19033
19192
20297
20312
21826
21980
22313
22726
23007
26194
27648
27686
27717
27771
27782
27794
27807
27808
27862
27872
27889
27890
27891
27892
27893
27957
28007
28012
28089
52281
52285
52358
52386
61461
61471
64164
262176
262180
262203
263180
263182
263223
263701
263703
263767
263771
263806
264628
264660
264731
264778
264837
264844
265633
265641
265717
266742
266751
266766
266809
266841
267693
267701
267722
267781
267783
267789
267809
267811
267813
267814
267840
267843
267888
267892
267923
269730
269732
269738
269741
269749
269750
269771
269775
269782
269788
269807
269820
269827
269829
269832
269846
269859
269876
269879
269891
269901
269918
269920
269928
269946
269974
269984
270026
270042
270073
271791
271793
271812
271813
271816
271855
271875
271880
271884
271899
271904
271907
271909
271917
271920
271928
271939
271951
271994
272018
272048
272063
272081
272092
272100
272102
272118
272119
272122
272134
272142
272809
272814
272841
272854
272855
272857
272864
272865
272871
272874
272895
272907
272921
272924
272940
272946
272951
272955
272959
272968
272993
273007
273010
273011
273024
273029
273039
273043
273058
273069
273090
273093
273100
273125
273144
273154
273155
273169
273173
273182
273186
273197
273201
273203
273205
273206
273207
273208
273225
273837
273843
273848
273851
273857
273863
273870
273872
273874
273885
273890
273893
273903
273904
273931
273949
273958
273978
273990
273994
273995
273998
274022
274028
274036
274047
274050
274058
274060
274062
274065
274092
274102
274109
274117
274118
274132
274137
274160