7552
7602
7643
18403
23707
23899
23902
23914
23962
23999
24035
24050
24066
24085
24173
38244
38725
45538
45894
55305
56141
56142
56154
56155
56158
63730
63733
131122
131342
131436
131437
131438
131440
131441
133935
134481
135665
135900
137463
137892
139772
139796
140737
142277
142284
142294
142549
149062
150813
151677
151851
152933
153320
153341
153352
153353
153380
153391
153401
153433
153498
153532
153534
153539
153585
153591
153616
153635
153647
153649
153683
153713
153732
153741
153743
153750
153752
153762
153780
153808
153828
153859
153872
153941
153958
153976
153982
154003
154016
154042
154053
154070
154082
154091
154105
200250
202602
205927
206586
209988
211017
213443