1228
1229
1230
1231
1232
2018
2905
3067
3068
3741
4178
4571
5713
5734
6083
6089
6149
6180
6187
6351
6529
6560
6968
7020
7154
7231
7390
7460
7971
7972
8094
9129
10247
10262
10331
10393
10474
10505
10540
10575
10798
10898
11125
11157
11569
11645
11744
11845
12091
12258
13854
14115
14331
14516
15022
16637
16800
17148
18931
19232
19832
20011
21739
22355
22386
22572
22750
23058
24788
25726
25793
25818
26106
26422
27598
28698
29918
29975
32437
32653
32714
33579
33762
33766
33769
34672
35624
35830
36874
36875
36889
36898
36910
36916
36937
36943
36951
36953
36960
36968
36980
36982
36983
36985
36994
37007
37016
37017
37028
37049
37053
37055
37060
37070
37072
37078
37105
37114
37116
37118
37121
37130
37137
37138
37145
37150
37153
37157
37159
37160
37167
37168
37172
37173
37175
37179
37180
37186
37188
37195
37199
37225
37231
37235
37236
37239
37251
37253
37254
37266
37271
37275
37276
37277
37302
37310
37311
37312
37314
37315
37316
37317
37333
37334
37352
37353
37356
37357
37358
37363
37368
37387
37394
37399
37402
37403
37411
37412
37413
37417
37428
37438
37439
37441
37457
37459
37474
37479
37482
37484
37488
37491
37497
37501
37511
37515
37519
37520
37523
37525
37527
37542
37546
37549
37561
37564
37589
37596
37597
37599
37611
37618
37621
37627
37628
37630
37634
37639
37640
37650
37652
37653
37656
37658
37663
37667
37668
37670
37673
37675
37680
37691
37692
37699
37700
37701
37720
37724
37731
37735
37739
41033
43444
44167
56453
56708
59870
61092
134384
204300
208809
209167
210555
211869
213481
214146
214209
214564
216409
327683
327685
327688
327693
327698
327701
327703
327715
327726
327733
327737
327745
327749
327750
327751
327754
327761
327767
327772
327777
327781
327782
327787
327790
327791
327794
327804
327805
327808
327812
327813
327817
327822
327824
327826
327832
327839
327840
327849
327850
327851
327858
327867
327872
327880
327889
327892
327893
327894
327896
327897
327901
327907
327908
327909
327910
327922
327923
327926
327935
327936
327943
327946
327949
327950
327954
327957
327958
327960
327961
327962
327966
327968
327979
327980
327982
327983
327984
327987
327988
327991
327996
328001
328006
328009
328013
328016
328020
328024
328028
328029
328030
328032
328036
328037
328038
328039
328041
328043
328045
328047
328049
328051
328057
328059
328063
328064
328068
328072
328074
328086
328095
328101
328106
328109
328112
328113
328114
328119
328120
328122
328125
328130
328135
328137
328146
328150
328151
328153
328155
328156
328157
328161
328163
328164
328167
328170
328172
328173
328174
328176
328178
328179
328186
328197
328199
328205
328206
328209
328210
328214
328216
328218
328220
328222
328227
328232
328234
328237
328239
328241
328242
328243
328246
328254
328255
328257
328260
328262
328266
328270
328275
328278
328281
328285
328287
328288
328306
328312
328313
328314
328315
328317
328320
328323
328327
328333
328334
328335
328336
328337
328339
328341
328342
328345
328346
328347
328349
328350
328351
328356
328359
328360
328361
328364
328365
328366
328370
328371
328373
328374
328375
328377
328384
328386
328388
328391
328397
328399
328400
328404
328409
328410
328417
328418
328422
328423
328426
328431
328434
328437
328441
328444
328446
328449
328450
328453
328456
328461
328464
328467
328468
328471
328473
328474
328480
328483
328486
328487
328492
328498
328501
328505
328507
328510
328511
328512
328513
328517
328518
328519
328521
328523
328524
328526
328533
328536
328537
328538
328544
328547
328548
328554
328560
328561
328562
328568
328575
328576
328583
328589
328596
328598
328608
328612
328621
328622
328624
328631
328632
328633
328638
328640
328641
328643
328644
328651
328656
328657
328660
328661
328670
328672
328674
328675
328677
328691
328693
328694
328695
328698
328704
328706
328710
328711
328712
328713
328714
328715
328719
328720
328723
328730
328732
328735
328736
328744
328745
328747
328748
328749
328750
328760
328761
328763
328767
328772
328774
328777
328778
328785
328787
328788
328790
328791
328795
328798
328802
328803
328806
328807
328810
328816
328818
328819
328820
328822
328826
328829
328830
328832
328837
328839
328841
328843
328848
328855
328863
328868
328870
328871
328872
328874
328882
328884
328888
328889
328894
328900
328902
328910
328911
328912
328915
328916
328917
328925
328929
328931
328933
328934
328935
328942
328946
328947
328948
328952
328961
328962
328963
328964
328966
328968
328970
328973
328974
328985
328991
329012
329016
329018
329028
329032
329035
329036
329038
329039
329042
329043
329045
329046
329047
329049
329053
329058
329061
329062
329063
329064
329068
329070
329075
329080
329081
329084
329089
329091
329097
329098
329102
329106
329112
329113
329117
329121
329122
329124
329125
329126
329133
329136
329139
329143
329144
329147
329149
329151
329153
329159
329165
329166
329175
329181
329184
329188
329193
329195
329196
329197
329202
329206
329208
329212
329214
329216
329222
329228
329229
329231
329234
329237
329240
329243
329247
329248
329249
329259
329264
329266
329276
329277
329279
329282
329283
329284
329289
329290
329291
329294
329295
329296
329298
329300
329303
329305
329316
329317
329318
329319
329323
329328
329331
329334
329340
329345
329346
329348
329350
329351
329355
329360
329363
329366
329368
329369
329371
329384
329386
329388
329391
329392
329401
329402
329408
329414
329429
329433
329438
329443
329445
329455
329462
329465
329467
329471
329474
329478
329479
329480
329481
329501
329502
329505
329510
329513
329515
329522
329523
329527
329532
329541
329543
329546
329549
329554
329557
329558
329559
329565
329570
329571
329572
329576
329578
329585
329587