173
681
963
997
1221
1233
1237
1250
1659
1704
1768
1781
1851
2042
2144
2385
2497
2537
2554
2563
2569
2697
2706
2713
2756
2764
2772
2823
2907
2915
2925
3119
3357
3363
3382
3391
3395
3460
3462
3488
3510
3550
3558
3559
3583
3605
3608
3661
3662
3689
3711
3717
3747
3748
3757
3758
3773
3775
3784
3786
3787
3813
3825
3836
3839
3840
3929
3969
3976
4007
4040
4049
4058
4060
4134
4142
4158
4174
4197
4202
4251
4274
4352
4381
4382
4431
4433
4434
4515
4528
4538
4594
4605
4608
4609
4610
4611
4612
4613
4614
4615
4616
4617
4618
4619
4620
4621
4622
4623
4624
4625
4626
4627
4628
4629
4630
4631
4632
4633
4634
4635
4636
4637
4638
4639
4640
4641
4642
4643
4644
4645
4646
4647
4648
4649
4650
4651
4653
4654
4655
4656
4657
4658
4659
4660
4661
4662
4663
4664
4665
4666
4667
4668
4669
4670
4671
4672
4682
4683
4736
4737
4738
4739
4740
4741
4742
4744
4745
4746
4747
4748
4749
4750
4751
4752
4753
4754
4755
4756
4757
4758
4759
4760
4761
4762
4763
4764
4765
4766
4767
4768
4769
4770
4771
4773
4774
4775
4776
4777
4778
4779
4780
4784
4785
4786
4787
4788
4789
4790
4794
4795
4796
4797
4798
4799
4800
4801
4802
4803
4804
4805
4806
4808
4809
4811
4812
4814
4815
4817
4818
4819
4820
4821
4822
4823
4824
4825
4826
4827
4828
4829
4830
4831
4832
4834
4835
4836
4837
4838
4839
4841
4842
4843
4844
4845
4847
4848
4849
4850
4851
4852
4853
4854
4855
4856
4857
4858
4859
4860
4861
4862
4863
4864
4865
4899
4907
4961
5017
5051
5085
5087
5709
6068
6163
6262
6619
6648
7131
7175
7387
7467
7468
7470
7471
7472
7473
7474
7475
7477
7478
7479
7481
7484
7485
7486
7487
7488
7489
7490
7491
7492
7493
7494
7495
7496
7497
7498
7499
7500
7532
7540
7541
7542
7543
7544
7545
7546
7547
7549
7550
7551
7552
7553
7554
7555
7556
7557
7565
7566
7567
7568
7569
7576
7577
7578
7579
7581
7582
7583
7584
7585
7586
7587
7588
7589
7590
7591
7593
7594
7595
7596
7597
7598
7599
7600
7602
7603
7604
7605
7606
7607
7608
7609
7610
7611
7612
7613
7614
7615
7616
7617
7618
7620
7628
7629
7630
7631
7632
7633
7634
7635
7636
7637
7638
7642
7643
7644
7645
7646
7647
7648
7649
7650
7652
7653
7654
7655
7657
7658
7659
7660
7692
7693
7694
7695
7696
7697
7698
7700
7701
7702
7705
7706
7707
7708
7712
7713
7714
7715
7716
7717
7718
7719
7720
7721
7722
7855
7901
9216
9217
9218
9219
9220
9221
9222
9223
9224
9225
9226
9227
9228
9229
9230
9231
9232
9233
9234
9235
9236
9237
9238
9239
9241
9242
9243
9244
9245
9246
9247
9249
9250
9251
9252
9253
9254
9255
9257
9258
9259
9260
9261
9262
9263
9264
9265
9266
9267
9268
9269
9270
9278
9279
9280
9281
9282
9283
9284
9285
9286
9287
9288
9289
9290
9291
9292
9293
9294
9295
9296
9297
9298
9299
9300
9301
9302
9303
9304
9305
9309
9311
9312
9313
9314
9315
9316
9324
9325
9326
9327
9328
9329
9330
9332
9333
9334
9335
9336
9337
9338
9339
9340
9341
9342
9343
9344
9345
9346
9347
9348
9349
9381
9382
9383
9384
9385
9386
9387
9388
9396
9397
9398
9400
9401
9408
9409
9410
9411
9412
9413
9414
9415
9416
9417
9418
9419
9420
9421
9422
9423
9424
9425
9426
9427
9430
9431
9432
9433
9434
9435
9436
9437
9438
9439
9440
9441
9442
9443
9444
9445
9446
9447
9448
9449
9450
9451
9452
9460
9461
9462
9463
9464
9465
9466
9467
9468
9469
9470
9471
9472
9473
9474
9475
9476
9477
9478
9479
9480
9481
9482
9483
9484
9485
9486
9487
9495
9496
9497
9498
9499
9500
9501
9502
9503
9505
9506
9507
9508
9509
9510
9511
9512
9513
9514
9516
9517
9518
9519
9520
9521
9533
9534
9535
9536
9537
9539
9540
9541
9542
9543
9544
9545
9546
9547
9548
9549
9550
9551
9552
9553
9554
9555
9556
9557
9558
9559
9560
9561
9562
9563
9564
9565
9566
9567
9568
9580
9581
9583
9584
9585
9586
9587
9588
9589
9590
9591
9623
9624
9625
9626
9627
9628
9648
9649
9650
9651
9652
9653
9654
9655
9656
9657
9658
9659
9660
9661
9662
9664
9665
9666
9667
9668
9669
9670
9671
9672
9673
9674
9682
9683
9713
9714
9715
9716
9717
9718
9720
9721
9722
9723
9724
9725
9726
9727
9728
9729
9730
9731
9732
9733
9734
9735
9736
9737
9738
9739
9740
9741
9742
9743
9744
9745
9746
9747
9748
9749
9750
9751
9752
9753
9785
9786
9787
9788
9789
9790
9791
9792
9793
9794
9795
9796
9797
9798
9799
9800
9808
9809
9820
9821
9822
9823
9824
9825
9826
9827
9828
9829
9830
9831
9832
9834
9835
9836
9837
9838
9839
9840
9872
9873
9874
9875
9876
9877
9878
9880
9881
9882
9884
9885
9886
9887
9888
9889
9890
9891
9892
9893
9894
9895
9896
9897
9898
9899
9900
9901
9902
9903
9904
9905
9906
9908
9909
9910
9911
9912
9913
9914
9915
9925
9926
9927
9928
9929
9930
9931
9932
9933
9934
9935
9936
9937
9938
9939
9940
9941
9942
9943
9983
9984
9985
9986
9987
9988
9989
9990
10022
10023
10024
10025
10026
10027
10028
10029
10030
10031
10032
10033
10034
10074
10075
10076
10077
10078
10079
10080
10081
10082
10083
10084
10085
10086
10087
10088
10089
10090
10091
10092
10093
10094
10095
10096
10098
10099
10100
10101
10102
10103
10104
10105
10106
10107
10108
10109
10110
10111
10112
10113
10114
10115
10116
10117
10118
10119
10120
10121
10122
10123
10124
10125
10126
10127
10128
10129
10130
10131
10132
10133
10134
10135
10136
10137
10138
10139
10140
10141
10142
10143
10144
10145
10146
10147
10148
10149
10150
10152
10153
10154
10199
10200
10201
10202
10203
10204
10205
10206
10207
10208
10209
10210
10211
10212
10213
10214
10215
10216
10217
10218
10219
10220
10221
10222
10223
10224
10225
10226
10227
10228
10229
10230
10231
10232
10234
10235
10236
10237
10238
10239
10358
10807
11467
14768
17408
17409
17410
17411
17412
17413
17423
17424
17425
17426
17428
17433
17434
17435
17436
17437
17438
17439
17440
17441
17442
17443
17444
17445
17446
17447
17448
17449
17450
17451
17452
17453
17454
17455
17456
17457
17458
17459
17460
17461
17462
17463
17464
17465
17466
17467
17468
17469
17470
17471
17472
17473
17474
17475
17476
17477
17478
17479
17480
17481
17482
17483
17484
17485
17486
17487
17488
17490
17491
17492
17493
17494
17495
17496
17497
17498
17500
17501
17502
17503
17535
17536
17537
17538
17539
17540
17541
17542
17543
17544
17545
17546
17547
17548
17549
17550
17551
17552
17553
17554
17555
17556
17557
17558
17559
17560
17561
17562
17563
17564
17565
17566
17567
17617
17618
17619
17620
17624
17625
17626
17627
17628
17629
17630
17631
17632
17633
17635
17636
17637
17638
17639
17640
17641
17642
17644
17645
17646
17647
17648
17649
17650
17651
17653
17654
17655
17656
17657
17658
17659
17660
17661
17662
17663
17664
17665
17666
17667
17668
17669
17670
17672
17673
17705
17706
17707
17708
17709
17719
17720
17721
17722
17723
17724
17725
17726
17727
17728
17729
17730
17731
17732
17733
17734
17735
17736
17737
17738
17739
17740
17741
17742
17743
17744
17745
17746
17747
17748
17749
17750
17751
17752
17753
17754
17755
17756
17757
17758
17759
17761
17762
17763
17764
17765
17766
17767
17768
17769
17770
17771
17772
17782
17783
17784
17785
17786
17787
17788
17792
17793
17794
17795
17796
17797
17799
17800
17801
17802
17803
17804
17805
17806
17807
17808
17809
17810
17811
17812
17813
17814
17816
17817
17819
17820
17821
17823
17824
17825
17826
17827
17828
17829
17832
17882
17883
17884
17885
17886
17887
17888
17889
17890
17891
17892
17893
17894
17895
17896
17898
17899
17900
17901
17902
17903
17904
17905
17906
17907
17908
17909
17910
17911
17912
17913
17915
17916
17917
17918
17921
17922
17923
17924
17926
17927
17928
17929
17930
17962
17970
17971
17972
17973
17974
17975
17976
17977
17978
17979
17980
17981
17982
17983
17984
17985
17986
17987
17988
17989
17990
17992
17993
17994
17995
17996
17997
17998
17999
18000
18001
18002
18003
18004
18005
18006
18007
18008
18009
18010
18011
18012
18013
18014
18015
18016
18017
18018
18019
18020
18021
18022
18023
18024
18025
18026
18028
18030
18031
18036
18037
18038
18040
18050
18051
18052
18053
18054
18055
18056
18057
18058
18059
18060
18061
18062
18063
18064
18065
18066
18067
18084
18085
18099
18100
18101
18102
18103
18104
18105
18106
18107
18108
18109
18110
18111
18112
18113
18114
18115
18116
18117
18118
18119
18120
18121
18153
18154
18155
18156
18157
18159
18160
18162
18163
18165
18166
18167
18168
18169
18172
18173
18174
18176
18177
18187
18188
18189
18190
18191
18192
18193
18194
18195
18196
18197
18198
18199
18200
18201
18202
18203
18204
18205
18206
18207
18208
18209
18210
18211
18212
18213
18214
18217
18218
18219
18220
18221
18222
18223
18224
18225
18226
18227
18228
18229
18230
18231
18232
18233
18234
18236
18237
18238
18248
18249
18250
18251
18252
18254
18255
18256
18257
18258
18259
18289
18290
18291
18292
18293
18294
18344
18345
18346
18347
18348
18349
18350
18351
18352
18353
18354
18355
18356
18357
18358
18359
18360
18361
18362
18364
18365
18366
18371
18372
18373
18374
18375
18376
18377
18378
18379
18380
18381
18383
18384
18385
18386
18387
18388
18389
18390
18391
18392
18393
18395
18396
18397
18398
18399
18400
18401
18402
18403
18404
18405
18406
18407
18408
18409
18410
18430
18431
19705
22672
23552
23602
23603
23605
23606
23607
23608
23609
23610
23611
23612
23644
23645
23646
23647
23648
23649
23650
23651
23652
23653
23654
23655
23656
23657
23659
23660
23661
23662
23663
23664
23665
23666
23667
23668
23669
23670
23671
23672
23673
23674
23675
23676
23677
23678
23679
23680
23681
23682
23683
23684
23686
23687
23688
23689
23690
23691
23701
23702
23703
23705
23706
23707
23708
23709
23710
23711
23712
23713
23714
23715
23716
23717
23718
23719
23720
23721
23722
23723
23724
23726
23727
23728
23729
23730
23731
23732
23733
23734
23735
23736
23737
23738
23739
23741
23742
23743
23744
23745
23746
23747
23748
23749
23750
23751
23752
23753
23754
23756
23758
23759
23760
23761
23762
23763
23764
23765
23767
23769
23770
23771
23772
23773
23838
23839
23854
23855
23856
23857
23858
23859
23860
23861
23862
23863
23864
23865
23866
23867
23868
23869
23870
23871
23872
23874
23875
23876
23877
23878
23879
23881
23882
23883
23884
23885
23886
23887
23888
23890
23891
23892
23893
23894
23895
23896
23897
23898
23899
23900
23901
23902
23903
23904
23905
23906
23907
23908
23909
23910
23911
23913
23914
23915
23916
23917
23918
23919
23920
23921
23922
23923
23924
23925
23926
23927
23928
23929
23930
23931
23932
23933
23934
23935
23936
23938
23939
23940
23941
23942
23943
23944
23945
23955
23956
23957
23958
23959
23960
23961
23962
23965
23966
23967
23968
23969
23970
23971
23972
23973
23974
23975
23976
23977
23978
23979
23980
23984
23986
23988
23989
23991
23993
23994
23995
23996
23997
23998
23999
24000
24001
24002
24003
24005
24006
24007
24008
24009
24011
24012
24013
24014
24015
24016
24017
24018
24019
24020
24021
24022
24023
24024
24025
24026
24028
24029
24030
24031
24032
24033
24034
24035
24036
24037
24038
24039
24040
24041
24042
24043
24044
24045
24046
24047
24048
24049
24050
24051
24052
24053
24054
24055
24056
24057
24058
24059
24060
24061
24062
24063
24064
24065
24066
24067
24068
24069
24070
24072
24074
24076
24077
24078
24079
24081
24082
24083
24084
24085
24090
24091
24092
24093
24095
24096
24097
24098
24099
24100
24101
24102
24103
24105
24106
24107
24108
24109
24110
24111
24112
24113
24114
24116
24118
24120
24121
24122
24123
24124
24126
24127
24128
24129
24130
24132
24133
24144
24145
24153
24173
24178
24179
24180
24181
24182
24183
24184
24185
24186
24187
24188
24189
24190
24192
24193
24194
24214
24215
24216
24218
24219
24220
24221
24222
24223
24224
24225
24226
24227
24228
24229
24230
24231
24232
24233
24234
24235
24236
24237
24238
24239
24240
24242
24243
24245
24248
24298
24299
24300
24301
24302
24303
24304
24305
24306
24307
24309
24310
24311
24312
24313
24314
24315
24316
24318
24319
24320
24321
24322
24323
24324
24325
24326
24327
24328
24330
24331
24332
24333
24334
24335
24336
24337
24338
24340
24341
24342
24343
24344
24345
24346
24347
24348
24373
24374
24375
24376
24377
24378
24379
24380
24381
24382
24384
24389
24390
24391
24392
24393
24394
24395
24396
24397
24398
24399
24400
24401
24431
24432
24433
24434
24435
24436
24438
24439
24440
24441
24442
24443
24444
24446
24447
24448
24449
24451
24452
24453
24454
24455
24456
24457
24458
24459
24460
24461
24462
24463
24464
24465
24466
24467
24468
24469
24470
24471
24473
24474
24475
24476
24477
24478
24479
24480
24481
24482
24483
24484
24485
24486
24488
24489
24491
24492
24493
24494
24495
24496
24498
24499
24500
24501
24502
24503
24504
24505
24506
24507
24508
24509
24510
24511
24512
24513
24514
24515
24516
24517
24518
24538
24539
24540
24541
24542
24543
24544
24545
24546
24547
24548
24549
24550
24551
24552
24553
24554
24555
24556
24557
24558
24559
24560
24561
24563
24565
24566
24567
24568
24569
24570
24571
24572
24573
24574
24575
34985
35820
37888
37928
37929
37930
37931
37932
37934
37935
37936
37944
37945
37951
37952
37971
37973
37975
37976
37977
37978
37979
37981
37982
37983
37984
37985
37986
37987
37988
37989
37990
37991
37992
37993
37994
37996
37997
37998
37999
38000
38001
38002
38003
38004
38005
38006
38007
38008
38009
38011
38012
38013
38014
38015
38016
38017
38018
38019
38020
38021
38022
38023
38024
38026
38027
38028
38029
38030
38031
38032
38033
38034
38035
38036
38037
38038
38039
38040
38042
38043
38044
38045
38046
38049
38050
38051
38052
38053
38054
38056
38057
38058
38059
38060
38061
38062
38063
38064
38065
38066
38067
38069
38070
38071
38072
38074
38075
38076
38077
38078
38079
38080
38081
38083
38084
38085
38086
38136
38137
38138
38139
38140
38141
38166
38167
38169
38170
38171
38172
38174
38175
38176
38177
38178
38180
38182
38183
38184
38185
38186
38187
38188
38189
38190
38191
38193
38194
38195
38196
38197
38198
38199
38200
38201
38202
38203
38204
38205
38206
38207
38208
38209
38210
38211
38212
38214
38215
38216
38217
38218
38220
38222
38223
38224
38225
38226
38227
38228
38229
38230
38231
38232
38233
38234
38235
38236
38238
38240
38241
38242
38243
38244
38254
38255
38256
38257
38258
38259
38260
38261
38262
38263
38264
38265
38266
38268
38269
38270
38271
38272
38273
38274
38275
38276
38277
38278
38280
38282
38283
38284
38285
38286
38287
38289
38290
38291
38292
38293
38294
38295
38296
38297
38298
38299
38300
38301
38302
38303
38304
38305
38306
38307
38309
38310
38312
38313
38314
38315
38316
38317
38318
38319
38320
38321
38322
38323
38324
38325
38326
38327
38328
38329
38330
38331
38332
38333
38334
38335
38385
38386
38387
38437
38438
38442
38443
38444
38445
38447
38448
38450
38451
38452
38454
38455
38456
38457
38458
38460
38461
38462
38463
38465
38466
38467
38468
38469
38470
38471
38472
38473
38474
38475
38476
38477
38478
38479
38480
38481
38482
38483
38484
38485
38486
38488
38489
38490
38491
38492
38493
38494
38495
38496
38528
38529
38531
38532
38533
38534
38536
38538
38541
38543
38544
38545
38546
38547
38549
38551
38553
38554
38555
38556
38557
38559
38560
38561
38562
38564
38565
38566
38567
38568
38569
38570
38571
38572
38573
38574
38577
38578
38580
38582
38583
38584
38585
38586
38587
38588
38589
38591
38592
38593
38594
38596
38597
38598
38599
38600
38601
38603
38605
38606
38609
38610
38611
38612
38614
38615
38616
38617
38618
38620
38621
38622
38623
38624
38625
38626
38627
38658
38659
38660
38710
38711
38712
38713
38714
38715
38716
38718
38719
38720
38722
38724
38725
38740
38741
38742
38743
38744
38746
38748
38749
38750
38790
38791
38792
38793
38794
38795
38796
38797
38798
38799
38800
38801
38802
38803
38804
38805
38806
38808
38809
38810
38811
38812
38813
38814
38815
38816
38817
38818
38819
38820
38822
38823
38825
38826
38827
38829
38830
38831
38834
38835
38836
38837
38857
38858
38859
38860
38861
38862
38863
38864
38865
38866
38867
38868
38869
38870
38871
38872
38873
38874
38875
38876
38877
38880
38881
38882
38883
38884
38885
38886
38887
38888
38889
38891
38892
38894
38895
38896
38900
38901
38902
38903
38905
38906
38909
38910
38911
40747
42382
42960
45056
45116
45117
45118
45119
45120
45121
45125
45126
45127
45128
45131
45133
45134
45135
45136
45138
45139
45140
45142
45143
45144
45145
45146
45148
45150
45152
45153
45154
45156
45157
45158
45159
45160
45162
45163
45164
45165
45166
45167
45168
45170
45171
45172
45173
45175
45177
45178
45179
45182
45184
45186
45187
45188
45189
45190
45191
45192
45193
45194
45195
45197
45198
45199
45201
45204
45205
45206
45207
45208
45209
45211
45212
45213
45214
45215
45217
45218
45219
45220
45221
45222
45223
45224
45226
45227
45228
45229
45230
45232
45235
45237
45239
45240
45241
45243
45244
45245
45246
45248
45249
45250
45251
45252
45254
45255
45256
45259
45261
45263
45264
45265
45267
45268
45269
45270
45271
45272
45273
45274
45275
45276
45277
45278
45279
45280
45282
45284
45285
45286
45326
45327
45328
45330
45331
45333
45334
45335
45337
45338
45340
45341
45342
45343
45344
45345
45347
45348
45349
45350
45351
45352
45353
45355
45356
45357
45359
45360
45410
45411
45412
45413
45414
45415
45417
45418
45419
45420
45422
45424
45425
45426
45427
45428
45430
45431
45432
45433
45434
45436
45437
45441
45442
45444
45445
45446
45447
45449
45453
45454
45455
45456
45457
45458
45459
45460
45461
45462
45463
45466
45467
45469
45470
45471
45472
45473
45474
45475
45476
45477
45480
45481
45483
45484
45485
45487
45489
45490
45493
45494
45495
45496
45498
45499
45500
45501
45502
45503
45504
45505
45506
45508
45509
45510
45511
45512
45513
45514
45517
45518
45519
45522
45525
45526
45527
45528
45530
45531
45532
45533
45534
45535
45536
45537
45538
45558
45559
45560
45561
45562
45563
45566
45567
45570
45572
45573
45575
45576
45577
45578
45580
45581
45582
45583
45584
45585
45586
45587
45588
45589
45590
45591
45592
45593
45594
45595
45596
45597
45599
45600
45601
45603
45604
45605
45607
45608
45609
45610
45611
45616
45620
45621
45622
45623
45624
45625
45626
45627
45629
45630
45631
45633
45634
45635
45636
45637
45638
45640
45641
45642
45644
45648
45649
45650
45651
45652
45653
45654
45655
45657
45658
45660
45661
45662
45663
45664
45665
45666
45667
45668
45669
45671
45672
45692
45693
45696
45701
45702
45736
45738
45741
45742
45744
45746
45747
45748
45749
45750
45752
45753
45754
45755
45757
45758
45759
45760
45761
45762
45763
45764
45765
45766
45767
45768
45769
45770
45772
45773
45775
45776
45779
45780
45781
45782
45783
45785
45786
45787
45788
45789
45792
45793
45794
45795
45796
45797
45798
45799
45800
45801
45802
45803
45804
45805
45806
45808
45809
45810
45811
45813
45814
45815
45817
45819
45820
45821
45822
45824
45825
45826
45827
45829
45830
45832
45833
45834
45837
45838
45839
45841
45842
45843
45844
45845
45846
45847
45848
45850
45851
45852
45854
45855
45856
45857
45858
45859
45861
45863
45864
45865
45867
45868
45870
45871
45873
45874
45875
45876
45878
45879
45881
45884
45885
45887
45888
45891
45892
45893
45894
45904
45905
45906
45908
45909
45910
45911
45912
45913
45915
45916
45918
45919
45920
45921
45922
45924
45925
45926
45927
45929
45930
45931
45935
45936
45937
45938
45939
45940
45941
45942
45943
45944
45945
45946
45947
45949
45950
45953
45954
45955
45956
45958
45959
45960
45961
45962
45963
46014
46015
46016
46066
46067
46068
46069
46070
46071
46073
46075
46078
46079
49385
50049
51356
54415
55296
55300
55302
55303
55304
55305
55325
55326
55328
55329
55330
55331
55332
55333
55334
55336
55337
55340
55341
55342
55343
55344
55348
55350
55351
55353
55354
55355
55356
55357
55358
55359
55360
55361
55363
55365
55366
55368
55369
55372
55397
55398
55399
55400
55402
55403
55405
55406
55407
55408
55409
55410
55411
55412
55413
55414
55415
55416
55417
55418
55419
55420
55421
55422
55423
55424
55425
55426
55427
55428
55429
55430
55431
55433
55434
55435
55436
55437
55439
55440
55441
55444
55446
55448
55449
55451
55453
55454
55455
55456
55459
55460
55461
55465
55466
55467
55468
55469
55470
55471
55472
55474
55476
55477
55478
55479
55482
55483
55485
55486
55487
55488
55489
55490
55491
55492
55493
55494
55497
55498
55500
55501
55502
55504
55505
55506
55507
55508
55509
55510
55512
55514
55515
55516
55517
55518
55519
55520
55521
55523
55524
55525
55526
55527
55529
55531
55532
55533
55534
55535
55536
55538
55539
55540
55541
55542
55543
55545
55546
55547
55549
55550
55551
55552
55553
55554
55555
55557
55558
55559
55561
55562
55563
55564
55566
55567
55569
55570
55571
55573
55574
55575
55576
55577
55578
55579
55580
55581
55582
55583
55584
55634
55635
55636
55637
55638
55639
55641
55642
55644
55646
55649
55650
55651
55652
55702
55703
55704
55705
55706
55707
55709
55710
55711
55712
55713
55714
55715
55716
55717
55719
55720
55721
55722
55724
55726
55729
55730
55731
55732
55734
55736
55739
55740
55741
55742
55743
55745
55746
55748
55750
55752
55754
55755
55756
55757
55759
55760
55761
55762
55764
55765
55766
55769
55770
55772
55773
55774
55775
55776
55778
55779
55780
55781
55782
55784
55785
55786
55789
55790
55792
55793
55794
55795
55796
55797
55798
55799
55802
55803
55804
55805
55806
55807
55808
55811
55813
55814
55815
55816
55817
55818
55819
55821
55822
55824
55826
55828
55829
55831
55832
55834
55836
55837
55839
55840
55843
55844
55845
55846
55847
55848
55849
55850
55851
55852
55853
55854
55855
55856
55857
55858
55859
55860
55861
55862
55863
55865
55867
55868
55870
55871
55872
55873
55876
55877
55878
55879
55880
55883
55884
55885
55886
55887
55888
55913
55914
55915
55918
55919
55920
55922
55923
55924
55925
55926
55927
55928
55929
55931
55932
55933
55934
55936
55937
55938
55940
55941
55943
55944
55946
55947
55948
55949
55951
55953
55954
55956
56017
56018
56019
56020
56023
56024
56026
56027
56028
56030
56031
56032
56033
56035
56036
56037
56038
56039
56040
56044
56051
56052
56053
56054
56055
56056
56057
56058
56059
56060
56061
56064
56065
56067
56068
56072
56073
56074
56076
56077
56079
56080
56081
56082
56084
56085
56086
56087
56088
56089
56092
56093
56094
56095
56097
56098
56099
56100
56101
56102
56104
56105
56106
56107
56108
56109
56110
56111
56112
56113
56114
56115
56116
56117
56118
56119
56120
56121
56122
56123
56124
56125
56126
56127
56128
56129
56131
56132
56133
56134
56135
56137
56138
56140
56141
56142
56154
56155
56158
56161
56163
56164
56166
56167
56171
56172
56173
56174
56175
56176
56177
56178
56179
56180
56182
56183
56186
56187
56189
56190
56192
56194
56195
56196
56197
56198
56199
56200
56201
56202
56203
56204
56205
56206
56207
56208
56209
56210
56214
56215
56216
56218
56219
56220
56221
56223
56224
56225
56227
56228
56229
56230
56231
56232
56262
56263
56264
56265
56266
56268
56270
56271
56272
56273
56274
56277
56278
56279
56280
56281
56282
56283
56284
56285
56286
56287
56289
56290
56291
56292
56293
56294
56295
56296
56298
56300
56301
56302
56304
56306
56307
56308
56309
56311
56314
56315
56317
56318
56868
58369
58370
58371
58372
58374
58375
58405
58406
58408
58409
58410
58411
58412
58413
58414
58415
58417
58418
58419
58420
58421
58422
58423
58424
58425
58427
58428
58430
58431
58432
58433
58434
58436
58437
58438
58439
58440
58441
58443
58444
58445
58446
58448
58449
58452
58453
58454
58456
58457
58459
58460
58461
58462
58463
58464
58465
58466
58468
58469
58470
58473
58474
58487
58488
58504
58505
58506
58507
58509
58510
58511
58512
58513
58514
58515
58516
58517
58521
58522
58524
58525
58526
58527
58528
58529
58530
58532
58533
58534
58535
58536
58537
58539
58544
58545
58546
58547
58549
58560
58562
58563
58576
58577
58578
58580
58581
58582
58583
58584
58585
58586
58587
58588
58589
58590
58593
58594
58597
58598
58599
58600
58601
58602
58604
58605
58606
58608
58609
58610
58611
58613
58614
58615
58616
58617
58618
58619
58620
58621
58622
58623
58624
58625
58626
58627
58629
58631
58634
58635
58640
58641
58642
58643
58644
58645
58655
58656
58657
58658
58659
58663
58664
58665
58666
58668
58669
58670
58671
58672
58675
58677
58678
58679
58681
58682
58683
58684
58685
58686
58687
58688
58689
58690
58691
58692
58693
58695
58696
58697
58698
58700
58701
58702
58704
58706
58707
58708
58710
58712
58713
58714
58715
58716
58717
58719
58720
58723
58725
58726
58729
58731
58732
58734
58735
58736
58737
58739
58740
58741
58744
58746
58748
58749
58750
58751
58752
58757
58758
58768
58769
58778
58779
58780
58781
58782
58784
58795
58797
58800
58803
58805
58806
58807
58808
58809
58810
58811
58812
58813
58814
58815
58816
58826
58827
58867
58868
58869
58872
58874
58875
58876
58877
58879
58880
58882
58883
58884
58885
58886
58888
58889
58890
58892
58893
58894
58895
58897
58907
58908
58909
58910
58911
58912
58914
58915
58916
58918
58920
58921
58922
58923
58925
58926
58927
58928
58929
58930
58931
58932
58933
58935
58936
58938
58940
58941
58944
58945
58946
58947
58949
58950
58951
58952
58953
58954
58955
58958
58959
58961
58963
58974
58975
58976
58979
58980
58981
58982
58983
58985
58987
58988
58989
58990
58991
59091
59117
59118
59131
59161
59201
59202
59203
59204
59206
59207
59209
59210
59211
59214
59217
59219
59223
59234
59236
59237
59238
59239
59241
59242
59243
59245
59246
59248
59249
59250
59253
59254
59256
59257
59258
59259
59261
59262
59263
59265
59267
59268
59270
59271
59291
59292
59293
59296
59315
59316
59317
59318
59319
59321
59322
59323
59325
59326
59330
59331
59332
59334
59335
59336
59337
59339
59340
59341
59342
59345
59346
59347
59348
59349
59350
59352
59353
59355
59356
59358
59359
59360
59361
59362
59363
59364
59365
59366
59368
59369
59370
59371
59374
59375
59378
59379
59381
59382
59383
59384
63488
63518
63519
63520
63521
63523
63524
63525
63526
63527
63528
63530
63730
63733
63770
63810
63826
63827
63828
63830
63832
63833
63834
63835
63836
63838
63839
63840
63841
63842
63843
63844
63846
63847
63848
63849
63850
63851
63852
63854
63855
63857
63858
63888
63889
63890
63891
63911
63912
63913
63914
63915
63916
63917
63918
63919
63920
63922
63923
63925
63926
63927
63928
63929
63930
63931
63932
63933
63934
63935
63938
63939
63940
63941
63942
63943
63944
63945
63946
63948
63949
63950
63951
63954
63956
63957
63959
63961
63962
63963
63964
63965
63966
63967
63968
63969
63970
63971
63972
63974
63975
63977
63978
63979
63980
63981
63982
63983
63984
63986
63987
63988
63989
63991
63992
63993
63996
63997
63998
63999
64000
64002
64003
64004
64005
64006
64008
64009
64010
64012
64013
64014
64015
64016
64018
64019
64020
64021
64022
64023
64033
64034
64037
64039
64043
64044
64045
64046
64047
64049
64050
64053
64054
64055
64056
64057
64058
64059
64061
64063
64064
64065
64066
64067
64070
64071
64072
64073
64074
64075
64076
64077
64078
64079
64086
64087
64088
64089
64090
64092
64093
64095
64096
64098
64297
131072
131073
131074
131076
131077
131087
131088
131089
131091
131092
131102
131103
131105
131106
131107
131108
131109
131110
131111
131121
131122
131132
131142
131152
131162
131163
131164
131165
131166
131168
131169
131170
131172
131173
131174
131175
131176
131177
131178
131179
131180
131181
131182
131183
131184
131185
131186
131187
131188
131189
131190
131191
131193
131194
131195
131196
131197
131198
131199
131200
131201
131202
131203
131204
131205
131206
131207
131208
131209
131210
131211
131212
131214
131215
131216
131217
131218
131219
131220
131221
131223
131224
131225
131226
131227
131228
131229
131230
131231
131232
131233
131234
131235
131236
131237
131238
131239
131240
131241
131242
131243
131244
131245
131246
131247
131248
131250
131251
131252
131253
131254
131255
131256
131257
131258
131259
131260
131261
131262
131263
131264
131265
131266
131267
131268
131269
131270
131271
131272
131273
131274
131275
131276
131277
131278
131279
131280
131281
131282
131283
131284
131285
131286
131287
131288
131289
131290
131291
131292
131293
131294
131295
131296
131297
131298
131299
131300
131301
131302
131303
131304
131305
131306
131307
131308
131309
131310
131311
131312
131313
131314
131315
131316
131317
131318
131319
131321
131322
131323
131324
131325
131326
131328
131330
131331
131332
131333
131334
131335
131337
131338
131339
131340
131341
131342
131436
131437
131438
131440
131441
131442
131443
131444
131445
131446
131447
131448
131449
131451
131453
131455
131456
131458
131459
131460
131461
131462
131463
131464
131465
131466
131467
131468
131469
131471
131472
131473
131474
131475
131476
131478
131479
131480
131481
131581
131582
131583
131584
131640
131641
131684
131685
131686
131687
131787
131788
131790
131791
131891
131892
131893
131904
131905
131993
131994
131995
131996
131997
131998
131999
132000
132001
132002
132003
132004
132005
132006
132007
132008
132009
132010
132011
132012
132013
132014
132015
132016
132018
132019
132020
132021
132022
132024
132025
132026
132027
132028
132029
132030
132031
132032
132033
132034
132035
132036
132037
132038
132039
132040
132041
132042
132043
132044
132045
132046
132047
132048
132049
132051
132052
132053
132054
132055
132056
132057
132058
132059
132060
132061
132062
132063
132064
132065
132066
132067
132068
132069
132070
132072
132073
132074
132075
132076
132077
132078
132079
132080
132081
132082
132083
132084
132085
132086
132087
132088
132089
132090
132091
132092
132093
132094
132095
132096
132097
132098
132099
132100
132101
132102
132104
132105
132106
132107
132108
132109
132110
132111
132112
132113
132114
132115
132116
132117
132118
132119
132120
132121
132122
132123
132124
132125
132126
132127
132128
132129
132130
132131
132132
132133
132134
132135
132136
132137
132138
132139
132140
132141
132143
132144
132145
132146
132147
132148
132149
132150
132151
132152
132153
132154
132155
132157
132158
132159
132160
132161
132162
132163
132164
132165
132166
132167
132168
132169
132170
132171
132172
132173
132174
132175
132176
132193
132194
132195
132196
132197
132198
132199
132200
132201
132202
132203
132204
132205
132207
132208
132209
132211
132212
132213
132214
132215
132216
132217
132218
132219
132220
132221
132222
132223
132224
132225
132226
132227
132228
132229
132230
132231
132232
132233
132234
132235
132236
132237
132238
132239
132240
132241
132242
132243
132244
132245
132246
132247
132248
132249
132250
132251
132252
132253
132254
132255
132256
132257
132258
132259
132260
132261
132262
132264
132265
132266
132267
132268
132269
132270
132271
132272
132273
132274
132275
132276
132277
132278
132279
132280
132281
132283
132284
132285
132286
132288
132290
132291
132292
132293
132294
132295
132296
132297
132298
132299
132300
132302
132303
132304
132305
132306
132307
132308
132309
132310
132311
132312
132314
132315
132316
132317
132318
132319
132320
132321
132322
132323
132324
132325
132326
132327
132328
132329
132330
132331
132332
132333
132334
132335
132336
132337
132338
132339
132340
132341
132342
132343
132344
132345
132346
132347
132348
132349
132350
132351
132352
132353
132354
132355
132356
132357
132358
132359
132360
132361
132362
132363
132364
132365
132366
132367
132368
132369
132370
132371
132372
132373
132374
132375
132376
132377
132378
132379
132380
132381
132382
132383
132384
132385
132386
132388
132389
132390
132391
132392
132393
132394
132395
132396
132397
132398
132399
132400
132401
132404
132405
132406
132407
132408
132409
132410
132412
132413
132415
132416
132417
132418
132419
132420
132421
132422
132423
132424
132425
132426
132427
132428
132429
132430
132431
132432
132433
132434
132435
132436
132437
132438
132439
132440
132441
132442
132443
132444
132445
132446
132447
132448
132449
132450
132451
132452
132453
132454
132455
132456
132457
132458
132459
132460
132462
132463
132464
132465
132466
132468
132469
132470
132471
132472
132473
132474
132475
132476
132477
132478
132479
132480
132481
132482
132483
132484
132485
132486
132487
132488
132489
132490
132491
132492
132493
132494
132496
132497
132498
132499
132500
132501
132502
132503
132504
132505
132506
132507
132508
132509
132510
132511
132512
132513
132514
132515
132525
132526
132527
132528
132529
132530
132531
132532
132533
132534
132535
132536
132537
132538
132539
132540
132542
132543
132544
132545
132546
132547
132548
132549
132550
132551
132554
132555
132561
132562
132575
132576
132577
132578
132579
132580
132581
132582
132583
132584
132585
132586
132587
132588
132589
132590
132591
132592
132593
132594
132595
132596
132597
132598
132599
132600
132601
132602
132603
132604
132605
132606
132607
132608
132609
132611
132612
132613
132614
132615
132616
132617
132618
132619
132620
132621
132622
132623
132624
132625
132626
132628
132629
132679
132680
132681
132682
132683
132684
132685
132686
132687
132688
132689
132690
132691
132692
132693
132694
132695
132696
132697
132699
132700
132701
132702
132703
132704
132705
132706
132707
132708
132709
132710
132711
132712
132713
132714
132715
132716
132717
132718
132719
132720
132722
132723
132724
132725
132726
132727
132728
132729
132730
132731
132732
132733
132734
132735
132736
132737
132738
132739
132740
132741
132742
132743
132744
132745
132746
132786
132787
132788
132789
132790
132791
132792
132797
132798
132799
132800
132801
132802
132803
132804
132806
132807
132808
132809
132810
132811
132812
132813
132814
132815
132816
132817
132818
132819
132820
132821
132822
132823
132824
132825
132826
132827
132828
132829
132830
132831
132832
132833
132834
132835
132836
132837
132838
132839
132840
132841
132842
132843
132844
132845
132846
132847
132848
132849
132850
132851
132852
132853
132854
132855
132856
132857
132858
132859
132860
132861
132862
132863
132864
132865
132866
132867
132868
132869
132870
132871
132872
132873
132874
132875
132876
132877
132878
132879
132880
132881
132882
132883
132884
132885
132886
132887
132888
132889
132890
132891
132892
132893
132894
132895
132896
132897
132898
132899
132900
132901
132902
132903
132904
132905
132906
132907
132908
132909
132910
132911
132913
132914
132915
132916
132917
132918
132919
132920
132921
132922
133012
133013
133014
133015
133016
133017
133018
133019
133020
133022
133023
133024
133025
133026
133027
133028
133029
133030
133031
133032
133033
133034
133035
133036
133037
133038
133040
133041
133042
133043
133044
133045
133046
133048
133049
133050
133051
133052
133053
133054
133055
133056
133057
133058
133059
133060
133061
133062
133063
133064
133065
133066
133067
133068
133069
133070
133071
133072
133073
133074
133075
133076
133077
133078
133079
133080
133081
133082
133083
133084
133085
133086
133087
133088
133089
133090
133091
133092
133093
133094
133096
133097
133098
133099
133100
133101
133102
133103
133104
133105
133106
133107
133108
133109
133110
133111
133112
133113
133114
133115
133116
133117
133118
133120
133121
133122
133123
133124
133125
133126
133127
133128
133129
133130
133131
133132
133133
133134
133135
133136
133137
133138
133139
133141
133142
133143
133144
133145
133146
133147
133148
133149
133150
133151
133152
133154
133155
133156
133158
133159
133160
133161
133162
133163
133164
133165
133166
133167
133168
133169
133170
133171
133172
133173
133174
133175
133176
133177
133178
133179
133180
133181
133182
133183
133184
133185
133186
133187
133188
133189
133190
133191
133192
133193
133194
133195
133196
133197
133198
133199
133200
133201
133202
133203
133204
133205
133206
133207
133208
133209
133210
133211
133212
133213
133214
133215
133216
133217
133218
133219
133220
133221
133229
133230
133320
133321
133322
133324
133325
133326
133327
133328
133329
133330
133331
133332
133333
133334
133335
133366
133367
133368
133370
133372
133373
133374
133375
133376
133377
133378
133379
133380
133381
133382
133383
133384
133385
133386
133387
133388
133389
133390
133391
133392
133393
133394
133395
133396
133397
133398
133399
133400
133401
133402
133403
133404
133406
133407
133408
133409
133410
133411
133412
133413
133414
133415
133416
133417
133418
133419
133420
133421
133422
133423
133424
133425
133426
133428
133429
133430
133431
133432
133433
133434
133435
133436
133437
133438
133440
133441
133443
133444
133445
133446
133447
133448
133449
133450
133451
133452
133453
133454
133455
133456
133457
133458
133459
133460
133462
133463
133464
133465
133466
133467
133468
133469
133470
133471
133472
133473
133474
133475
133476
133477
133478
133479
133480
133481
133482
133483
133484
133485
133486
133487
133488
133489
133490
133491
133492
133493
133494
133495
133496
133497
133498
133499
133500
133501
133503
133504
133505
133507
133508
133509
133510
133511
133520
133521
133522
133523
133524
133525
133526
133527
133528
133529
133530
133531
133532
133533
133534
133535
133536
133537
133538
133539
133540
133541
133542
133543
133544
133545
133546
133547
133548
133549
133550
133551
133552
133553
133554
133555
133556
133557
133558
133578
133580
133581
133582
133583
133584
133585
133586
133587
133588
133589
133600
133601
133602
133603
133604
133605
133606
133607
133608
133609
133610
133611
133612
133613
133614
133615
133616
133617
133618
133619
133620
133622
133623
133624
133625
133626
133627
133628
133629
133630
133632
133633
133634
133635
133636
133637
133638
133660
133661
133666
133667
133728
133729
133730
133731
133732
133733
133734
133735
133736
133737
133738
133739
133740
133741
133742
133743
133744
133745
133746
133747
133748
133749
133750
133751
133752
133753
133754
133755
133756
133757
133758
133759
133760
133761
133762
133763
133765
133766
133767
133768
133769
133770
133771
133772
133773
133774
133777
133778
133779
133781
133782
133783
133784
133785
133786
133787
133788
133790
133791
133792
133793
133794
133795
133796
133806
133807
133846
133847
133848
133849
133850
133852
133853
133854
133855
133856
133857
133858
133859
133860
133861
133862
133863
133864
133865
133866
133867
133868
133869
133870
133871
133872
133873
133874
133875
133876
133877
133878
133879
133880
133881
133882
133883
133884
133885
133886
133887
133888
133889
133890
133891
133892
133893
133894
133895
133896
133897
133898
133899
133900
133901
133902
133903
133904
133905
133906
133907
133909
133910
133911
133912
133913
133914
133915
133916
133917
133918
133919
133920
133921
133923
133924
133925
133926
133927
133928
133929
133930
133931
133932
133933
133934
133935
133936
133937
133938
133939
133940
133941
133942
133943
133945
133946
133947
133948
133949
133950
133951
133952
133953
133954
133955
133956
133957
133958
133959
133960
133961
134061
134062
134063
134064
134065
134066
134067
134068
134069
134070
134071
134072
134073
134074
134075
134076
134078
134079
134080
134081
134082
134083
134084
134085
134086
134087
134088
134089
134090
134091
134092
134093
134094
134095
134096
134097
134098
134099
134100
134101
134102
134103
134104
134105
134106
134107
134108
134109
134110
134111
134112
134113
134114
134115
134116
134117
134118
134119
134120
134121
134122
134123
134124
134125
134126
134128
134129
134130
134131
134132
134133
134134
134135
134136
134137
134138
134139
134140
134141
134142
134143
134144
134145
134146
134147
134148
134149
134150
134151
134152
134153
134154
134155
134156
134157
134158
134159
134160
134161
134162
134163
134164
134165
134166
134167
134168
134169
134170
134171
134172
134173
134174
134175
134176
134177
134178
134179
134180
134181
134182
134183
134184
134185
134186
134188
134189
134190
134191
134192
134193
134194
134195
134196
134197
134198
134199
134200
134201
134202
134203
134204
134205
134206
134207
134208
134209
134210
134211
134212
134213
134214
134215
134216
134217
134218
134219
134220
134221
134222
134223
134224
134225
134226
134227
134228
134229
134230
134232
134233
134234
134235
134236
134237
134238
134239
134240
134241
134242
134243
134244
134245
134246
134261
134262
134346
134347
134348
134349
134350
134351
134352
134353
134354
134355
134356
134357
134358
134359
134360
134361
134362
134363
134364
134365
134366
134367
134368
134369
134370
134371
134372
134373
134374
134375
134376
134377
134378
134379
134380
134381
134382
134383
134384
134385
134386
134387
134388
134389
134390
134391
134392
134393
134394
134395
134396
134397
134398
134399
134400
134401
134402
134403
134404
134405
134406
134407
134408
134409
134410
134411
134413
134414
134417
134424
134425
134426
134427
134428
134429
134430
134431
134432
134433
134434
134435
134436
134437
134438
134439
134440
134441
134442
134443
134444
134445
134446
134447
134448
134449
134450
134451
134452
134453
134454
134455
134456
134457
134458
134459
134460
134461
134462
134463
134464
134465
134466
134467
134468
134469
134470
134471
134472
134473
134474
134475
134476
134477
134479
134480
134481
134483
134484
134485
134486
134487
134488
134489
134490
134491
134492
134493
134494
134495
134496
134497
134498
134499
134500
134501
134502
134503
134504
134505
134506
134507
134508
134509
134510
134511
134512
134513
134514
134515
134516
134517
134518
134519
134520
134521
134522
134523
134524
134525
134526
134527
134528
134529
134530
134532
134533
134534
134535
134536
134537
134538
134539
134540
134541
134542
134544
134545
134546
134547
134548
134549
134550
134551
134552
134553
134554
134555
134556
134557
134559
134561
134562
134563
134564
134566
134567
134568
134569
134570
134571
134572
134573
134574
134575
134576
134577
134578
134579
134580
134581
134582
134583
134586
134587
134588
134589
134590
134591
134592
134593
134594
134595
134596
134597
134598
134599
134600
134601
134602
134603
134604
134605
134606
134607
134608
134609
134610
134612
134662
134663
134664
134665
134666
134667
134668
134669
134670
134671
134672
134673
134674
134675
134676
134677
134678
134679
134680
134682
134683
134684
134685
134686
134687
134688
134689
134690
134691
134692
134693
134694
134695
134696
134697
134698
134699
134700
134701
134702
134704
134705
134706
134707
134709
134710
134711
134712
134713
134714
134715
134716
134717
134718
134719
134720
134721
134722
134723
134724
134725
134726
134727
134729
134730
134731
134732
134733
134734
134735
134736
134737
134739
134740
134741
134742
134743
134744
134745
134746
134747
134748
134749
134750
134751
134752
134753
134754
134755
134777
134778
134779
134780
134781
134782
134783
134784
134785
134786
134787
134788
134790
134791
134792
134793
134794
134795
134796
134797
134798
134799
134800
134801
134802
134803
134804
134805
134806
134807
134808
134809
134810
134811
134812
134813
134814
134815
134816
134817
134818
134819
134820
134821
134822
134823
134824
134825
134826
134827
134828
134829
134831
134832
134833
134834
134835
134836
134837
134838
134839
134840
134841
134842
134843
134844
134845
134846
134847
134848
134920
134921
134927
134928
134948
134949
134950
134951
134952
134953
134954
134962
134963
134964
134965
134966
134967
134968
134969
134970
134971
134972
134973
134974
134975
134976
134977
134978
134979
134980
134981
134982
134983
134984
134985
134986
134987
134988
134989
134990
134991
134992
134994
134995
134996
134997
134998
134999
135000
135001
135002
135003
135004
135005
135006
135007
135008
135009
135010
135011
135012
135013
135014
135015
135016
135017
135018
135019
135020
135021
135022
135023
135024
135025
135026
135027
135028
135029
135030
135031
135032
135033
135034
135035
135036
135037
135038
135039
135040
135041
135042
135043
135044
135046
135047
135048
135049
135050
135051
135052
135053
135054
135055
135056
135057
135058
135059
135060
135061
135063
135064
135065
135066
135067
135068
135069
135070
135071
135074
135075
135076
135077
135078
135079
135080
135081
135082
135083
135084
135085
135086
135087
135088
135089
135090
135091
135092
135093
135094
135095
135096
135097
135098
135099
135100
135101
135102
135103
135104
135105
135106
135107
135108
135109
135110
135111
135112
135113
135114
135115
135116
135117
135118
135119
135121
135122
135123
135124
135125
135126
135127
135128
135129
135130
135131
135132
135133
135134
135135
135136
135137
135138
135139
135140
135141
135142
135143
135144
135145
135146
135148
135149
135150
135151
135152
135153
135154
135155
135156
135157
135158
135159
135160
135161
135162
135163
135164
135165
135166
135167
135168
135169
135170
135270
135271
135272
135273
135274
135275
135277
135278
135279
135280
135282
135283
135284
135286
135287
135288
135289
135290
135291
135292
135293
135294
135295
135296
135297
135298
135299
135300
135301
135302
135303
135304
135305
135306
135307
135308
135309
135310
135311
135312
135313
135314
135315
135316
135317
135318
135319
135320
135321
135322
135323
135324
135325
135326
135327
135328
135329
135330
135331
135332
135333
135334
135335
135336
135337
135338
135339
135340
135341
135342
135343
135344
135345
135346
135348
135349
135350
135351
135353
135354
135355
135356
135357
135358
135359
135360
135361
135362
135363
135364
135365
135366
135367
135368
135369
135370
135371
135372
135373
135374
135375
135376
135377
135378
135379
135380
135381
135382
135383
135384
135385
135386
135387
135388
135390
135391
135392
135393
135394
135395
135396
135397
135398
135399
135400
135401
135403
135404
135405
135406
135407
135408
135409
135411
135412
135413
135414
135415
135416
135418
135419
135420
135421
135422
135423
135424
135425
135426
135427
135428
135429
135431
135432
135433
135434
135435
135436
135437
135439
135489
135490
135491
135492
135493
135494
135495
135496
135497
135498
135499
135500
135501
135509
135510
135511
135512
135513
135514
135515
135516
135517
135518
135519
135520
135521
135522
135523
135524
135525
135526
135527
135528
135529
135530
135531
135532
135533
135542
135543
135544
135545
135546
135547
135548
135549
135550
135551
135552
135553
135554
135555
135556
135557
135558
135559
135560
135561
135562
135563
135564
135565
135566
135567
135568
135569
135570
135571
135572
135573
135574
135575
135576
135577
135578
135579
135580
135581
135582
135583
135584
135585
135586
135587
135588
135589
135590
135591
135593
135594
135595
135596
135597
135598
135599
135600
135601
135602
135603
135604
135605
135606
135607
135608
135609
135610
135611
135612
135613
135614
135615
135616
135617
135618
135619
135620
135621
135622
135623
135624
135625
135626
135627
135628
135629
135630
135631
135632
135633
135634
135635
135636
135637
135638
135639
135640
135641
135642
135643
135644
135645
135646
135647
135648
135649
135650
135652
135653
135654
135655
135656
135657
135658
135659
135660
135661
135662
135663
135664
135665
135666
135668
135669
135670
135671
135672
135673
135674
135675
135676
135677
135678
135772
135773
135778
135794
135795
135817
135818
135858
135859
135878
135879
135881
135882
135883
135884
135885
135886
135887
135888
135889
135890
135891
135892
135893
135894
135895
135896
135897
135898
135899
135900
136000
136001
136002
136003
136004
136005
136006
136007
136008
136009
136010
136011
136012
136013
136014
136015
136016
136017
136018
136019
136020
136021
136022
136023
136024
136025
136026
136027
136028
136029
136030
136031
136033
136034
136035
136036
136037
136038
136039
136040
136041
136042
136043
136044
136045
136046
136047
136048
136049
136050
136051
136052
136132
136133
136134
136135
136136
136138
136139
136140
136141
136142
136143
136144
136145
136146
136147
136148
136149
136150
136151
136152
136153
136154
136155
136156
136157
136158
136160
136161
136162
136163
136164
136165
136166
136167
136168
136169
136170
136171
136172
136173
136174
136175
136176
136177
136178
136179
136180
136181
136182
136183
136184
136185
136187
136188
136189
136190
136201
136202
136203
136204
136205
136206
136207
136208
136209
136210
136211
136212
136213
136214
136215
136216
136217
136218
136219
136221
136222
136223
136224
136225
136226
136227
136228
136229
136230
136231
136232
136233
136234
136235
136236
136237
136238
136239
136240
136241
136242
136243
136244
136245
136246
136247
136248
136249
136250
136251
136252
136253
136254
136255
136256
136257
136258
136259
136260
136261
136262
136263
136264
136265
136266
136267
136268
136269
136270
136271
136272
136273
136274
136275
136276
136277
136278
136378
136379
136380
136382
136384
136385
136386
136387
136388
136389
136390
136391
136392
136393
136394
136395
136396
136397
136398
136399
136400
136401
136402
136404
136405
136406
136407
136409
136410
136412
136413
136415
136416
136417
136418
136419
136420
136421
136422
136423
136424
136425
136426
136427
136428
136429
136430
136431
136432
136433
136434
136435
136436
136437
136438
136439
136442
136443
136444
136445
136447
136448
136449
136450
136451
136452
136453
136454
136455
136456
136457
136458
136459
136460
136461
136462
136463
136464
136465
136466
136467
136468
136469
136470
136471
136472
136473
136474
136475
136476
136477
136478
136479
136480
136481
136482
136483
136484
136485
136486
136487
136488
136489
136490
136491
136492
136493
136494
136495
136496
136497
136498
136499
136500
136501
136502
136503
136505
136506
136507
136508
136509
136510
136511
136512
136513
136514
136515
136516
136517
136518
136519
136520
136521
136523
136524
136525
136526
136527
136529
136530
136531
136532
136533
136534
136535
136536
136537
136538
136539
136540
136542
136543
136545
136546
136547
136548
136549
136550
136552
136553
136554
136555
136556
136557
136558
136559
136560
136561
136562
136563
136564
136571
136572
136573
136574
136575
136576
136577
136578
136579
136580
136581
136582
136583
136584
136585
136586
136587
136588
136589
136590
136591
136592
136593
136594
136595
136596
136598
136599
136601
136602
136603
136604
136606
136607
136608
136609
136610
136611
136613
136615
136616
136617
136618
136619
136621
136622
136623
136624
136625
136720
136721
136725
136726
136727
136728
136730
136731
136732
136733
136734
136735
136736
136737
136738
136739
136740
136741
136742
136743
136744
136745
136746
136747
136748
136749
136750
136751
136752
136753
136754
136755
136756
136757
136758
136759
136760
136762
136763
136764
136766
136767
136769
136770
136771
136772
136773
136774
136775
136776
136777
136778
136779
136780
136781
136782
136784
136785
136786
136787
136788
136789
136790
136791
136792
136793
136794
136795
136796
136797
136798
136799
136800
136801
136802
136803
136804
136805
136806
136807
136808
136810
136811
136812
136813
136814
136815
136817
136819
136820
136890
136891
136892
136893
136894
136895
136896
136897
136898
136899
136900
136901
136902
136903
136905
136906
136907
136908
136909
136910
136911
136912
136913
136915
136916
136917
136918
136919
136920
136921
136922
136923
136924
136925
136926
136927
136928
136929
136930
136931
136932
136933
136934
136935
136936
136937
136939
136940
136941
136942
136943
136944
136945
136946
136947
136948
136949
136950
136951
136953
136954
136955
136956
136957
136958
136960
136961
136962
136963
136964
136965
136966
136967
136968
136969
136970
136971
136972
136973
136974
136975
136976
136977
136978
136979
136980
136981
136982
136983
136984
136985
136986
136987
136988
136990
136991
136992
136993
136994
136995
136996
136997
136998
136999
137000
137001
137002
137003
137004
137005
137006
137008
137009
137010
137011
137012
137013
137014
137015
137016
137017
137018
137019
137020
137021
137022
137023
137024
137025
137026
137027
137028
137029
137030
137031
137032
137033
137034
137035
137036
137037
137038
137039
137040
137041
137042
137043
137044
137045
137046
137047
137048
137049
137050
137051
137052
137053
137054
137055
137056
137057
137058
137059
137060
137061
137062
137063
137064
137065
137066
137067
137068
137069
137070
137072
137073
137074
137075
137076
137077
137078
137079
137080
137082
137182
137184
137185
137186
137187
137188
137189
137190
137191
137192
137193
137194
137196
137197
137198
137199
137200
137201
137202
137203
137204
137205
137206
137207
137208
137209
137210
137212
137213
137214
137215
137216
137217
137218
137219
137220
137221
137222
137223
137224
137225
137226
137227
137228
137229
137230
137231
137232
137233
137234
137235
137236
137237
137239
137240
137241
137242
137243
137244
137246
137247
137248
137249
137250
137251
137252
137253
137255
137256
137257
137258
137259
137260
137261
137262
137263
137265
137266
137267
137268
137269
137270
137271
137272
137274
137275
137276
137277
137278
137279
137280
137281
137282
137283
137285
137385
137386
137387
137388
137389
137391
137392
137393
137394
137395
137396
137397
137398
137399
137400
137401
137403
137404
137405
137406
137407
137408
137409
137410
137411
137412
137413
137414
137415
137416
137417
137418
137419
137420
137421
137422
137423
137424
137425
137426
137427
137429
137431
137432
137433
137434
137435
137436
137437
137438
137439
137440
137441
137442
137443
137444
137445
137446
137447
137448
137449
137450
137451
137452
137453
137454
137455
137456
137457
137458
137459
137460
137461
137463
137464
137465
137466
137467
137468
137469
137470
137471
137472
137473
137474
137475
137476
137477
137478
137479
137481
137482
137483
137485
137486
137487
137488
137489
137490
137491
137492
137493
137494
137495
137496
137497
137498
137499
137500
137502
137503
137504
137505
137506
137507
137508
137509
137510
137511
137512
137513
137514
137515
137516
137517
137519
137520
137521
137522
137523
137524
137525
137526
137527
137528
137529
137530
137532
137533
137534
137535
137536
137537
137538
137539
137540
137541
137542
137543
137544
137545
137546
137547
137548
137549
137550
137551
137552
137553
137554
137555
137556
137557
137558
137559
137560
137561
137562
137563
137564
137565
137566
137567
137568
137569
137570
137571
137572
137574
137575
137576
137577
137578
137579
137580
137582
137583
137584
137585
137586
137686
137702
137703
137704
137705
137706
137707
137709
137809
137810
137811
137812
137813
137814
137815
137816
137817
137818
137819
137820
137821
137822
137823
137824
137825
137826
137827
137828
137829
137830
137831
137832
137833
137834
137835
137836
137837
137838
137839
137840
137841
137842
137843
137844
137845
137846
137847
137849
137850
137851
137852
137853
137854
137855
137856
137857
137858
137861
137862
137863
137864
137865
137866
137867
137868
137869
137870
137871
137872
137873
137874
137875
137876
137877
137878
137879
137880
137881
137882
137883
137884
137885
137886
137887
137888
137889
137890
137891
137892
137893
137894
137895
137896
137897
137898
137899
137900
137901
137902
137903
137904
137905
137908
137909
137910
137911
137912
137913
137914
137915
137916
137917
137918
137919
137920
137921
137922
137923
137924
137925
137926
137927
137928
137929
137930
137931
137932
137933
137934
137935
137936
137937
137938
137941
137942
137943
137944
137945
137947
137948
137949
137951
137952
137953
137954
137955
137956
137957
137958
137959
137960
137961
137962
137963
137964
137965
137966
137967
137968
137969
137970
137971
137972
137973
137974
137975
137976
137977
137978
137979
137980
137981
137982
137983
137984
137985
137986
137987
137988
137989
137990
137991
137992
137993
137994
137995
137996
137997
137998
137999
138001
138002
138003
138004
138005
138006
138007
138008
138009
138010
138012
138013
138014
138015
138016
138017
138018
138019
138020
138021
138022
138023
138025
138026
138027
138028
138029
138031
138032
138033
138034
138035
138036
138037
138038
138039
138040
138041
138042
138043
138044
138045
138146
138147
138148
138149
138150
138151
138152
138153
138154
138155
138156
138157
138158
138159
138160
138161
138162
138163
138164
138165
138166
138167
138168
138169
138170
138171
138172
138173
138174
138175
138176
138177
138178
138179
138180
138181
138182
138183
138184
138186
138187
138188
138189
138190
138191
138192
138193
138194
138195
138196
138197
138198
138199
138200
138201
138202
138203
138204
138205
138206
138207
138208
138209
138210
138211
138212
138213
138214
138215
138216
138217
138218
138219
138220
138241
138242
138320
138322
138323
138324
138325
138326
138327
138328
138330
138331
138332
138333
138334
138335
138336
138337
138338
138339
138340
138341
138342
138343
138344
138345
138346
138347
138348
138349
138350
138351
138353
138354
138355
138356
138357
138358
138359
138360
138361
138362
138363
138365
138366
138367
138368
138369
138372
138373
138379
138380
138381
138382
138383
138384
138385
138386
138387
138388
138389
138390
138391
138392
138393
138394
138395
138396
138397
138398
138399
138400
138401
138402
138403
138404
138405
138406
138407
138408
138409
138410
138411
138412
138413
138414
138415
138416
138417
138418
138419
138420
138421
138422
138423
138424
138425
138426
138427
138428
138429
138430
138431
138432
138433
138434
138435
138436
138437
138438
138440
138443
138444
138445
138446
138447
138448
138449
138450
138451
138452
138453
138455
138456
138457
138458
138460
138461
138462
138463
138464
138466
138467
138468
138469
138470
138471
138472
138474
138475
138476
138477
138478
138479
138480
138481
138482
138483
138484
138485
138486
138487
138488
138489
138490
138491
138492
138493
138494
138495
138496
138498
138499
138500
138501
138502
138503
138504
138505
138506
138507
138508
138509
138510
138511
138512
138513
138515
138516
138517
138518
138520
138521
138522
138523
138524
138525
138526
138527
138528
138529
138530
138531
138532
138533
138534
138535
138536
138537
138538
138539
138540
138541
138543
138544
138545
138546
138547
138548
138549
138550
138551
138552
138553
138555
138556
138557
138558
138559
138560
138561
138563
138564
138565
138566
138567
138569
138570
138571
138572
138573
138574
138575
138576
138577
138578
138579
138580
138581
138582
138583
138584
138585
138586
138587
138588
138589
138590
138591
138592
138593
138594
138595
138596
138597
138598
138599
138600
138601
138602
138604
138605
138606
138607
138608
138609
138610
138611
138612
138613
138614
138615
138616
138617
138618
138619
138620
138621
138622
138623
138624
138625
138626
138627
138628
138629
138630
138631
138632
138633
138634
138635
138636
138637
138638
138639
138640
138641
138642
138643
138645
138646
138647
138648
138649
138650
138651
138652
138653
138654
138655
138656
138657
138658
138659
138660
138661
138662
138663
138664
138665
138666
138667
138668
138669
138670
138671
138672
138673
138674
138675
138676
138677
138678
138679
138680
138681
138682
138683
138684
138685
138686
138687
138688
138689
138690
138691
138692
138693
138694
138695
138696
138697
138698
138699
138700
138701
138702
138802
138902
138903
138904
138906
138907
138908
138909
138910
138911
138912
138913
138914
138915
138916
138917
138918
138919
138920
138921
138922
138923
138924
138925
138926
138927
138928
138929
138930
138931
138932
138933
138934
138935
138936
138937
138938
138939
138942
138943
138944
138945
138946
138947
138949
138951
138952
138953
138954
138955
138956
138957
138958
138959
138960
138961
138962
138963
138964
138965
138966
138967
138968
138969
138970
138971
138972
138973
138974
138975
138976
138977
138978
138979
138980
138981
138982
138983
138984
138985
138986
138987
138988
138989
138991
138992
138993
138994
138995
138996
138997
138998
138999
139000
139001
139002
139003
139004
139005
139006
139007
139008
139009
139010
139011
139012
139013
139014
139015
139016
139017
139018
139020
139021
139022
139023
139024
139025
139026
139027
139028
139029
139030
139031
139032
139033
139034
139036
139037
139038
139039
139040
139041
139042
139043
139044
139045
139046
139047
139048
139049
139050
139051
139052
139053
139054
139055
139056
139057
139058
139059
139060
139061
139062
139063
139064
139065
139066
139067
139068
139069
139070
139071
139072
139073
139074
139075
139076
139077
139078
139079
139080
139082
139083
139084
139085
139086
139087
139088
139089
139090
139190
139191
139192
139193
139194
139195
139196
139197
139198
139199
139200
139201
139202
139203
139204
139206
139207
139208
139209
139211
139212
139213
139214
139215
139216
139217
139218
139219
139220
139221
139222
139223
139224
139225
139226
139227
139228
139229
139230
139231
139232
139234
139235
139236
139237
139238
139239
139240
139241
139242
139243
139244
139245
139246
139247
139249
139250
139251
139252
139253
139254
139255
139256
139258
139259
139260
139261
139262
139263
139264
139265
139266
139267
139268
139269
139270
139271
139272
139273
139274
139275
139276
139277
139278
139279
139280
139281
139282
139283
139284
139285
139286
139287
139288
139289
139290
139291
139292
139293
139294
139295
139296
139297
139298
139299
139300
139301
139302
139303
139304
139305
139307
139308
139309
139310
139311
139312
139313
139314
139315
139316
139317
139318
139319
139320
139322
139323
139324
139325
139326
139329
139331
139332
139333
139334
139335
139336
139337
139338
139339
139340
139341
139342
139343
139344
139345
139346
139347
139348
139349
139350
139351
139352
139353
139354
139355
139356
139357
139358
139359
139360
139361
139461
139462
139463
139464
139465
139466
139467
139468
139469
139470
139471
139472
139473
139474
139475
139476
139477
139577
139578
139579
139580
139581
139582
139583
139584
139588
139589
139590
139591
139592
139593
139594
139595
139596
139597
139598
139599
139600
139601
139602
139603
139604
139605
139606
139607
139608
139609
139611
139612
139613
139614
139615
139616
139617
139618
139619
139620
139621
139622
139623
139624
139625
139626
139627
139628
139629
139630
139631
139632
139633
139634
139635
139636
139637
139638
139639
139641
139642
139643
139644
139645
139646
139647
139648
139650
139651
139652
139654
139655
139656
139657
139658
139659
139660
139661
139662
139663
139665
139666
139667
139668
139669
139670
139671
139672
139674
139675
139676
139677
139678
139679
139680
139681
139682
139683
139684
139685
139686
139687
139689
139690
139691
139692
139693
139694
139696
139697
139698
139699
139700
139701
139702
139703
139704
139705
139707
139708
139709
139710
139711
139712
139713
139714
139715
139716
139717
139718
139719
139720
139721
139722
139723
139724
139725
139726
139727
139728
139729
139730
139731
139732
139733
139734
139735
139736
139737
139738
139739
139740
139741
139743
139744
139745
139746
139747
139748
139749
139750
139751
139752
139753
139754
139755
139756
139757
139758
139759
139760
139761
139762
139763
139764
139765
139766
139767
139768
139769
139770
139771
139772
139774
139775
139776
139777
139778
139780
139781
139782
139783
139784
139785
139786
139787
139788
139789
139790
139791
139792
139793
139794
139795
139796
139797
139798
139799
139800
139801
139802
139803
139804
139805
139806
139807
139808
139809
139810
139811
139812
139813
139814
139815
139816
139817
139818
139819
139820
139821
139822
139823
139824
139825
139826
139827
139828
139829
139830
139831
139832
139833
139834
139835
139836
139837
139839
139840
139841
139842
139843
139844
139845
139846
139847
139848
139849
139850
139851
139852
139853
139854
139855
139856
139857
139858
139859
139860
139861
139862
139863
139864
139865
139866
139867
139868
139869
139870
139871
139872
139873
139874
139875
139876
139877
139878
139879
139880
139881
139882
139883
139884
139885
139886
139887
139888
139889
139890
139891
139892
139893
139894
139895
139896
139897
139898
139899
139900
139901
139902
139903
139904
139905
139906
139907
139908
139909
139910
139911
139912
139913
139914
139915
139916
139917
139918
139919
139920
139921
139922
139923
139924
139925
139926
139927
139928
139929
139930
139931
139932
140032
140033
140034
140036
140037
140038
140039
140040
140041
140042
140043
140044
140045
140046
140047
140048
140049
140050
140051
140052
140053
140054
140055
140056
140059
140060
140061
140062
140063
140064
140065
140067
140068
140069
140070
140071
140072
140073
140074
140075
140076
140077
140078
140079
140080
140081
140082
140083
140084
140085
140086
140087
140088
140089
140090
140091
140092
140093
140094
140095
140096
140097
140098
140099
140100
140101
140102
140103
140104
140105
140106
140107
140108
140208
140209
140210
140211
140212
140213
140214
140215
140216
140217
140218
140219
140220
140221
140222
140223
140225
140226
140227
140228
140229
140231
140232
140233
140234
140235
140236
140237
140238
140239
140240
140241
140242
140243
140244
140245
140267
140268
140269
140270
140287
140288
140289
140290
140305
140306
140307
140308
140321
140322
140323
140324
140325
140326
140327
140328
140344
140345
140362
140363
140364
140379
140380
140381
140382
140383
140483
140498
140499
140501
140502
140503
140504
140505
140506
140507
140508
140523
140524
140525
140527
140528
140539
140540
140541
140542
140543
140544
140545
140546
140547
140548
140549
140550
140551
140552
140553
140570
140571
140573
140574
140575
140576
140577
140578
140579
140580
140581
140582
140583
140584
140585
140586
140587
140588
140589
140590
140591
140592
140593
140594
140595
140596
140597
140598
140599
140600
140601
140602
140603
140604
140605
140606
140607
140608
140609
140610
140611
140612
140614
140615
140616
140617
140618
140619
140620
140621
140622
140623
140624
140625
140626
140627
140628
140629
140630
140631
140632
140633
140634
140635
140636
140637
140638
140639
140640
140641
140642
140643
140644
140645
140646
140647
140658
140659
140660
140661
140662
140664
140665
140666
140667
140668
140669
140670
140671
140672
140673
140674
140675
140676
140677
140678
140679
140680
140681
140682
140683
140684
140685
140687
140688
140689
140690
140691
140692
140693
140694
140695
140697
140699
140700
140701
140702
140703
140704
140705
140706
140707
140708
140709
140710
140711
140712
140714
140715
140716
140717
140718
140719
140720
140721
140722
140723
140724
140725
140726
140727
140728
140729
140730
140731
140732
140733
140734
140735
140736
140737
140837
140838
140839
140841
140842
140843
140844
140845
140846
140847
140848
140849
140850
140851
140852
140853
140864
140865
140866
140867
140868
140869
140870
140871
140872
140873
140874
140876
140877
140878
140879
140880
140881
140882
140883
140884
140885
140886
140887
140888
140889
140890
140891
140892
140893
140894
140895
140896
140897
140898
140899
140900
140901
140902
140903
140904
140905
140906
140907
140908
140909
140910
140911
140912
140914
140915
140916
140917
140918
140919
140920
140921
140922
140923
140924
140925
140926
140927
140928
140930
140931
140932
140933
140934
140935
140937
140938
140939
140940
140941
140942
140943
140944
140945
140947
140948
140949
140950
140951
140952
140953
140954
140955
140956
140957
140958
140959
140960
140961
140962
140963
140964
140965
140967
140968
140969
140970
140971
140973
140974
140975
140976
140977
140978
140979
140980
140981
140982
140983
140984
140985
140986
140987
140988
140989
140990
140991
140992
140993
140994
140995
140996
140997
140998
140999
141000
141001
141002
141003
141004
141005
141006
141007
141008
141009
141010
141011
141012
141013
141014
141015
141016
141017
141018
141019
141020
141021
141022
141023
141024
141025
141026
141027
141028
141029
141030
141031
141032
141033
141034
141036
141037
141038
141039
141040
141041
141042
141043
141044
141045
141046
141047
141048
141148
141149
141150
141151
141152
141153
141154
141155
141156
141157
141158
141159
141160
141161
141162
141163
141164
141165
141166
141167
141168
141171
141172
141174
141175
141176
141177
141178
141179
141180
141181
141182
141183
141184
141185
141186
141187
141188
141189
141190
141191
141192
141193
141194
141195
141196
141197
141198
141199
141200
141201
141202
141203
141204
141205
141206
141207
141208
141209
141210
141211
141212
141213
141214
141215
141216
141217
141219
141220
141221
141222
141223
141224
141225
141226
141227
141228
141229
141230
141231
141232
141233
141234
141235
141236
141237
141238
141239
141240
141241
141341
141342
141343
141344
141345
141346
141347
141348
141349
141350
141351
141352
141353
141354
141355
141356
141357
141358
141359
141360
141361
141362
141363
141364
141365
141366
141367
141368
141369
141370
141371
141372
141374
141375
141377
141378
141379
141380
141381
141382
141383
141384
141385
141386
141388
141389
141390
141391
141392
141393
141394
141395
141396
141397
141398
141399
141400
141401
141402
141403
141404
141405
141406
141407
141410
141411
141412
141413
141414
141415
141416
141417
141418
141419
141420
141421
141422
141423
141424
141425
141426
141427
141428
141429
141430
141431
141432
141433
141434
141435
141436
141437
141438
141439
141440
141441
141442
141443
141444
141445
141446
141447
141448
141449
141450
141451
141452
141453
141454
141455
141456
141457
141458
141459
141460
141461
141462
141463
141464
141465
141466
141467
141468
141469
141470
141471
141472
141473
141474
141475
141476
141576
141676
141677
141678
141679
141680
141681
141682
141683
141684
141685
141686
141687
141688
141689
141690
141691
141692
141693
141694
141695
141696
141697
141698
141699
141700
141701
141702
141704
141705
141706
141707
141708
141709
141710
141711
141712
141713
141714
141715
141716
141717
141718
141719
141720
141721
141722
141723
141724
141725
141726
141727
141728
141729
141730
141731
141732
141733
141734
141735
141736
141737
141738
141739
141740
141741
141742
141743
141744
141745
141746
141747
141748
141749
141750
141751
141752
141753
141754
141755
141756
141757
141758
141759
141760
141761
141762
141763
141764
141765
141766
141767
141768
141769
141770
141771
141772
141773
141774
141775
141776
141777
141778
141779
141780
141781
141782
141783
141883
141884
141885
141886
141887
141987
141988
141989
141990
141991
141992
141993
141994
141995
141996
141997
141998
141999
142000
142001
142002
142003
142004
142005
142006
142007
142008
142009
142010
142011
142012
142013
142014
142015
142016
142017
142018
142019
142020
142021
142022
142023
142024
142026
142027
142028
142029
142030
142031
142032
142033
142034
142035
142036
142037
142038
142039
142040
142041
142042
142044
142045
142046
142047
142049
142050
142051
142052
142053
142054
142056
142057
142058
142059
142060
142061
142062
142063
142064
142065
142066
142067
142107
142108
142109
142110
142111
142113
142114
142115
142116
142117
142119
142120
142121
142122
142123
142124
142125
142126
142127
142128
142130
142131
142132
142133
142134
142135
142136
142137
142138
142139
142140
142142
142143
142144
142146
142147
142148
142149
142150
142151
142152
142153
142154
142155
142156
142157
142158
142159
142160
142161
142162
142163
142164
142165
142266
142267
142268
142269
142270
142271
142272
142273
142275
142276
142277
142278
142279
142281
142282
142283
142284
142285
142286
142287
142288
142289
142290
142291
142292
142293
142294
142295
142296
142297
142298
142299
142300
142301
142302
142303
142403
142404
142405
142406
142407
142408
142409
142410
142411
142412
142413
142414
142415
142416
142417
142419
142420
142421
142422
142423
142424
142425
142426
142428
142429
142430
142431
142432
142433
142434
142435
142436
142437
142438
142439
142539
142540
142541
142542
142543
142545
142546
142547
142548
142549
142550
142552
142553
142555
142556
142557
142558
142559
142560
142561
142562
142563
142564
142565
142567
142568
142570
142571
142572
142573
142574
142575
142576
142577
142578
142579
142580
142581
142582
142583
142584
142585
142586
142587
142588
142589
142590
142591
142592
142593
142594
142595
142596
142597
142599
142600
142601
142602
142603
142604
142605
142606
142607
142608
142609
142610
142611
142612
142613
142614
142615
142616
142617
142618
142619
142620
142621
142622
142623
142624
142625
142626
142627
142628
142629
142630
142631
142632
142633
142634
142635
142636
142637
142638
142641
142642
142643
142644
142645
142646
142647
142648
142649
142650
143674
146746
146846
146946
146947
146948
146949
146950
146951
146952
146953
146954
146955
146956
146957
146958
146959
146960
146961
146962
146963
146964
146965
146966
146967
146968
146988
146989
146990
146991
146993
146994
146995
146996
146997
146998
147000
147001
147002
147003
147004
147005
147006
147007
147008
147009
147010
147011
147012
147013
147014
147015
147017
147018
147019
147020
147021
147022
147023
147024
147025
147027
147029
147030
147031
147032
147033
147034
147035
147036
147037
147038
147039
147040
147042
147043
147044
147045
147046
147047
147048
147049
147050
147051
147052
147053
147054
147055
147056
147057
147058
147059
147060
147061
147062
147063
147064
147065
147066
147067
147068
147069
147070
147071
147072
147172
147174
147175
147176
147177
147178
147179
147180
147181
147182
147183
147184
147185
147186
147187
147188
147189
147190
147191
147291
147292
147293
147294
147295
147296
147298
147299
147300
147301
147302
147303
147304
147305
147306
147307
147308
147309
147310
147311
147312
147313
147314
147315
147316
148794
148795
148967
148968
148969
148970
148971
148972
148973
148974
148975
148976
148977
148978
148979
148980
148981
148982
148983
148984
148985
148986
148987
148988
148989
148990
148991
148992
148993
148994
148995
148996
148997
148999
149000
149001
149002
149003
149004
149005
149006
149008
149009
149010
149011
149012
149013
149014
149015
149016
149017
149018
149019
149020
149021
149022
149023
149024
149025
149026
149027
149028
149029
149030
149031
149032
149033
149034
149035
149036
149037
149038
149039
149040
149041
149042
149043
149044
149047
149048
149050
149051
149052
149053
149054
149055
149056
149057
149058
149059
149060
149061
149062
149162
149164
149165
149166
149167
149168
149169
149170
149172
149173
149174
149175
149176
149177
149178
149179
149180
149280
149281
149282
149283
149284
149285
149286
149287
149288
149289
149290
149293
149294
149295
149296
149297
149298
149299
149300
149301
149302
149303
149304
149305
149306
149307
149308
149309
149310
149311
149312
149313
149314
149414
149415
149416
149417
149418
149419
149420
149421
149422
149423
149424
149425
149426
149427
149428
149429
149430
149431
149432
149433
149434
149436
149437
149438
149439
149440
149442
149443
149444
149445
149446
149447
149448
149449
149450
149451
149452
149453
149454
149455
149456
149457
149458
149472
149473
149474
149475
149476
149477
149478
149479
149480
149481
149482
149483
149484
149485
149486
149487
149488
149489
149490
149491
149492
149493
149494
149495
149496
149497
149498
149499
149500
149501
149502
149503
149504
149505
149506
149507
149508
149509
149510
149511
149512
149514
149515
149516
149517
149518
149519
149520
149521
149522
149523
149524
149525
149625
149626
149627
149628
149630
149631
149633
149634
149635
149636
149637
149638
149639
149640
149641
149642
149643
149644
149645
149646
149647
149649
149650
149651
149652
149653
149654
149655
149656
149657
149658
149659
149660
149661
149761
149762
149763
149764
149765
149766
149767
149768
149769
149770
149771
149772
149773
149774
149775
149776
149777
149778
149779
149780
149781
149782
149784
149786
149787
149788
149789
149790
149791
149792
149793
149794
149796
149797
149798
149799
149800
149801
149802
149803
149804
149805
149806
149807
149808
149809
149810
149811
149812
149813
149814
149815
149816
149817
149818
149819
149820
149821
149822
149823
149824
149825
149826
149827
149828
149829
149830
149831
149832
149833
149834
149836
149837
149838
149839
149840
149841
149842
149843
149844
149845
149846
149847
149848
149849
149850
149851
149852
149853
149854
149855
149856
149857
149858
149859
149860
149861
149862
149863
149864
149865
149866
149867
149868
149869
149870
149871
149872
149873
149874
149875
149876
149877
149977
149978
149979
149980
149981
149982
149983
149984
149985
149986
149987
149988
149989
149990
149991
149992
149993
149994
149995
149996
149997
149998
149999
150000
150001
150002
150003
150004
150005
150006
150007
150107
150108
150109
150110
150111
150112
150113
150114
150115
150116
150117
150118
150119
150120
150121
150122
150123
150124
150125
150127
150128
150129
150130
150131
150132
150133
150134
150135
150136
150137
150138
150139
150140
150141
150142
150143
150144
150145
150146
150147
150148
150149
150150
150151
150152
150153
150154
150155
150156
150157
150158
150159
150160
150161
150162
150163
150164
150165
150166
150167
150168
150169
150170
150171
150172
150173
150174
150175
150176
150177
150178
150179
150180
150181
150182
150183
150184
150185
150285
150286
150287
150288
150289
150290
150291
150292
150294
150295
150296
150297
150298
150299
150300
150301
150302
150303
150304
150305
150306
150307
150308
150309
150310
150311
150312
150313
150314
150315
150316
150317
150318
150319
150320
150321
150322
150324
150325
150326
150327
150328
150329
150330
150331
150332
150333
150334
150335
150336
150337
150338
150339
150340
150341
150342
150343
150345
150346
150347
150348
150349
150350
150351
150352
150353
150354
150355
150370
150371
150372
150373
150374
150375
150376
150377
150378
150379
150380
150381
150382
150383
150384
150385
150386
150387
150388
150389
150390
150391
150392
150393
150394
150395
150396
150397
150398
150399
150400
150401
150402
150403
150405
150406
150407
150408
150409
150410
150411
150412
150413
150414
150415
150416
150417
150418
150419
150420
150421
150423
150424
150425
150426
150427
150428
150429
150430
150431
150432
150433
150434
150435
150436
150437
150438
150440
150441
150442
150443
150444
150445
150446
150447
150448
150449
150450
150451
150452
150453
150454
150455
150456
150457
150458
150459
150460
150560
150660
150661
150662
150663
150664
150665
150666
150667
150668
150669
150670
150671
150672
150673
150674
150675
150676
150677
150678
150679
150681
150682
150683
150684
150685
150686
150687
150688
150689
150690
150691
150692
150693
150694
150695
150696
150697
150699
150700
150701
150702
150703
150704
150705
150706
150707
150708
150709
150710
150711
150712
150713
150714
150715
150716
150717
150718
150719
150720
150721
150722
150723
150724
150726
150728
150729
150730
150731
150732
150733
150734
150735
150736
150737
150738
150739
150740
150741
150742
150743
150744
150745
150746
150747
150748
150749
150750
150751
150752
150753
150754
150774
150775
150776
150777
150778
150779
150780
150781
150782
150783
150784
150785
150786
150787
150788
150789
150790
150791
150792
150793
150794
150795
150796
150797
150798
150799
150800
150801
150802
150803
150804
150805
150806
150807
150808
150809
150810
150811
150812
150813
150913
151013
151040
151041
151043
151044
151045
151046
151047
151048
151049
151050
151051
151052
151053
151054
151055
151056
151057
151058
151059
151060
151061
151062
151063
151064
151065
151066
151067
151076
151077
151078
151079
151080
151081
151082
151182
151183
151184
151185
151186
151187
151188
151189
151190
151191
151193
151194
151195
151196
151197
151199
151200
151201
151202
151203
151204
151205
151206
151207
151208
151210
151211
151212
151213
151214
151215
151216
151316
151317
151318
151319
151320
151321
151322
151323
151324
151325
151326
151327
151328
151329
151330
151331
151332
151333
151334
151335
151336
151337
151338
151339
151340
151341
151342
151343
151344
151345
151346
151347
151348
151349
151350
151351
151352
151353
151354
151355
151356
151358
151359
151360
151361
151362
151365
151366
151367
151368
151369
151370
151371
151391
151392
151393
151394
151396
151397
151398
151399
151400
151401
151402
151403
151404
151405
151406
151407
151408
151409
151410
151411
151412
151413
151414
151415
151417
151418
151419
151421
151422
151423
151463
151464
151465
151466
151467
151468
151469
151470
151471
151472
151473
151474
151475
151476
151477
151478
151479
151480
151481
151482
151483
151484
151485
151486
151487
151488
151489
151490
151491
151492
151493
151494
151495
151496
151498
151499
151500
151501
151502
151602
151603
151604
151605
151606
151607
151608
151609
151610
151611
151612
151613
151614
151615
151616
151617
151618
151619
151620
151621
151622
151623
151624
151625
151627
151628
151629
151630
151631
151632
151633
151634
151635
151636
151637
151638
151639
151640
151641
151642
151643
151644
151645
151646
151647
151648
151649
151650
151651
151652
151653
151654
151655
151656
151657
151658
151659
151660
151661
151662
151663
151664
151665
151666
151667
151668
151669
151670
151671
151672
151673
151675
151676
151677
151678
151679
151779
151780
151781
151783
151784
151785
151786
151787
151788
151789
151790
151791
151792
151794
151795
151796
151797
151798
151799
151800
151801
151802
151803
151804
151806
151807
151808
151809
151810
151811
151812
151813
151814
151815
151816
151817
151818
151819
151820
151821
151822
151823
151824
151825
151826
151827
151828
151829
151830
151831
151832
151833
151834
151835
151836
151837
151838
151839
151840
151842
151843
151844
151845
151846
151847
151848
151850
151851
151951
151952
151953
151955
151956
151957
151958
151959
151960
151961
151962
151963
151964
151965
151966
151967
151968
151969
151970
151971
151972
151973
151974
151975
151976
151977
151978
151979
151980
151981
151982
151983
151984
151985
151986
151987
151988
151989
151990
151991
152091
152092
152093
152094
152095
152096
152097
152098
152099
152100
152101
152102
152103
152104
152105
152106
152107
152108
152109
152110
152111
152113
152114
152115
152116
152117
152118
152119
152120
152121
152122
152123
152124
152125
152126
152127
152128
152129
152130
152131
152132
152133
152134
152135
152136
152137
152138
152139
152140
152141
152142
152143
152144
152145
152146
152147
152148
152149
152151
152152
152153
152155
152156
152158
152159
152160
152162
152163
152164
152165
152166
152167
152168
152169
152170
152171
152172
152173
152174
152175
152176
152177
152178
152179
152180
152181
152182
152183
152184
152185
152186
152187
152188
152189
152190
152192
152193
152194
152195
152196
152296
152297
152298
152299
152300
152301
152302
152303
152304
152305
152306
152307
152308
152309
152310
152311
152312
152313
152314
152315
152316
152317
152318
152319
152320
152321
152322
152323
152325
152326
152327
152328
152329
152330
152331
152332
152333
152334
152335
152336
152337
152338
152339
152340
152341
152342
152343
152344
152444
152445
152446
152447
152448
152449
152450
152451
152452
152453
152454
152455
152456
152457
152458
152459
152460
152461
152462
152463
152464
152465
152466
152467
152469
152470
152471
152472
152473
152474
152475
152476
152477
152479
152481
152482
152483
152583
152584
152585
152586
152587
152588
152590
152591
152592
152593
152594
152595
152596
152597
152598
152599
152600
152604
152605
152606
152607
152608
152609
152629
152631
152632
152633
152634
152635
152636
152637
152638
152639
152640
152641
152642
152643
152644
152645
152646
152647
152648
152649
152650
152651
152652
152653
152654
152655
152656
152657
152658
152659
152660
152661
152662
152663
152664
152665
152666
152667
152668
152669
152670
152671
152672
152673
152674
152675
152676
152677
152678
152679
152680
152681
152682
152683
152684
152685
152686
152687
152688
152689
152690
152691
152692
152693
152694
152695
152696
152697
152698
152699
152700
152701
152702
152703
152704
152705
152706
152707
152708
152709
152710
152711
152712
152713
152714
152715
152716
152717
152718
152719
152720
152721
152722
152723
152724
152725
152726
152727
152728
152729
152730
152731
152732
152733
152734
152735
152736
152737
152738
152739
152740
152741
152742
152743
152843
152844
152845
152846
152847
152848
152849
152850
152851
152852
152853
152854
152855
152856
152857
152858
152878
152879
152880
152881
152882
152883
152884
152885
152886
152887
152888
152889
152890
152891
152892
152893
152894
152895
152896
152897
152898
152899
152900
152901
152902
152903
152904
152905
152906
152907
152908
152909
152910
152911
152912
152913
152914
152915
152916
152917
152918
152919
152920
152924
152925
152926
152927
152928
152929
152930
152931
152932
152933
153033
153035
153036
153037
153038
153039
153040
153041
153042
153043
153044
153045
153046
153047
153048
153049
153050
153051
153052
153053
153054
153055
153056
153057
153058
153059
153159
153160
153161
153162
153163
153164
153165
153166
153167
153168
153169
153170
153173
153174
153175
153176
153177
153178
153179
153180
153181
153182
153183
153184
153185
153188
153189
153191
153192
153193
153194
153195
153196
153197
153198
153200
153201
153202
153203
153303
153304
153305
153306
153307
153308
153310
153311
153312
153313
153314
153315
153316
153317
153318
153319
153320
153321
153322
153323
153324
153325
153326
153327
153328
153329
153330
153334
153335
153336
153337
153338
153339
153340
153341
153342
153343
153344
153345
153346
153347
153348
153349
153350
153351
153352
153353
153354
153355
153356
153357
153358
153359
153360
153361
153362
153363
153364
153365
153366
153367
153368
153370
153371
153372
153373
153374
153375
153376
153377
153378
153379
153380
153381
153382
153383
153384
153385
153386
153387
153389
153390
153391
153392
153393
153394
153395
153396
153397
153398
153399
153400
153401
153433
153451
153452
153453
153454
153455
153456
153457
153458
153459
153460
153461
153462
153463
153464
153465
153466
153467
153468
153469
153470
153471
153472
153473
153474
153475
153476
153478
153479
153482
153483
153484
153487
153488
153489
153490
153491
153492
153493
153494
153495
153496
153497
153498
153508
153510
153511
153512
153514
153516
153517
153518
153519
153521
153522
153523
153524
153525
153526
153527
153528
153529
153530
153531
153532
153533
153534
153537
153538
153539
153545
153546
153547
153548
153549
153550
153551
153552
153553
153556
153557
153558
153559
153560
153561
153562
153563
153564
153565
153566
153567
153568
153569
153570
153571
153572
153573
153574
153575
153581
153582
153585
153587
153588
153589
153590
153591
153593
153594
153595
153596
153597
153598
153599
153600
153602
153603
153604
153605
153606
153607
153608
153610
153611
153612
153613
153614
153615
153616
153618
153619
153620
153621
153622
153623
153632
153633
153634
153635
153636
153637
153638
153639
153641
153642
153643
153644
153645
153646
153647
153648
153649
153654
153655
153656
153657
153658
153659
153660
153661
153662
153663
153664
153667
153668
153669
153670
153671
153672
153673
153674
153680
153681
153682
153683
153684
153685
153686
153687
153688
153689
153690
153691
153692
153693
153694
153695
153696
153697
153698
153699
153700
153706
153707
153708
153709
153710
153711
153712
153713
153714
153715
153716
153717
153719
153720
153721
153725
153726
153727
153729
153730
153731
153732
153733
153735
153736
153737
153738
153739
153740
153741
153743
153744
153745
153746
153747
153748
153749
153750
153751
153752
153754
153755
153756
153757
153758
153759
153760
153761
153762
153764
153765
153766
153767
153770
153771
153772
153773
153774
153775
153776
153777
153778
153779
153780
153781
153782
153783
153784
153786
153787
153788
153789
153790
153791
153792
153793
153794
153795
153796
153798
153800
153801
153808
153809
153810
153812
153813
153814
153815
153816
153819
153820
153821
153822
153826
153827
153828
153832
153833
153834
153835
153836
153837
153838
153841
153842
153843
153844
153845
153847
153848
153850
153851
153853
153854
153855
153856
153857
153859
153861
153862
153863
153864
153865
153866
153867
153869
153870
153871
153872
153876
153878
153879
153880
153881
153882
153883
153884
153885
153886
153887
153891
153892
153893
153894
153895
153897
153898
153899
153900
153901
153902
153903
153905
153906
153907
153908
153909
153910
153911
153912
153913
153914
153917
153918
153921
153926
153928
153929
153930
153931
153932
153933
153934
153935
153936
153937
153941
153943
153944
153945
153947
153948
153949
153952
153953
153954
153955
153958
153960
153964
153965
153966
153967
153968
153969
153970
153971
153972
153973
153974
153975
153976
153977
153978
153979
153980
153981
153982
153984
153985
153989
153990
153991
153992
153993
153994
153995
153996
153997
153998
153999
154000
154001
154002
154003
154005
154006
154007
154009
154010
154011
154014
154015
154016
154019
154020
154021
154022
154023
154024
154029
154030
154031
154032
154033
154034
154035
154036
154037
154038
154039
154040
154042
154043
154045
154046
154047
154048
154049
154050
154051
154053
154054
154055
154056
154057
154058
154059