278
676
1251
1292
1296
1797
1831
1840
1916
2146
2277
2549
2638
2708
2715
2716
2739
2904
3132
3141
3449
3454
3484
3487
3496
3548
3551
3556
3596
3597
3603
3631
3632
3636
3640
3790
3816
3905
3968
4141
4209
4230
4242
4244
4270
4387
4493
4535
4914
4926
4944
4964
4967
4995
5005
5633
5639
5648
5692
5708
5722
5745
5772
6057
6063
6084
6121
6125
6133
6147
6193
6240
6306
6332
6342
6400
6429
6458
6471
6487
6495
6503
6505
6535
6545
6568
6590
6927
6945
6957
7002
7004
7005
7038
7048
7049
7056
7063
7080
7087
7120
7125
7137
7149
7157
7162
7167
7173
7184
7195
7199
7236
7298
7303
7313
7315
7325
7340
7365
7399
7408
7417
7418
7437
7438
7465
7727
7738
7803
7890
7906
7908
7927
7934
7953
7965
7974
7980
7993
7994
7995
7997
8007
8024
8026
8048
8053
8054
8055
8056
8065
8066
8096
8140
8141
8151
8163
8167
8178
10269
10277
10285
10293
10299
10318
10362
10391
10412
10417
10420
10429
10436
10452
10454
10463
10476
10479
10481
10502
10531
10560
10569
10586
10605
10606
10617
10620
10624
10640
10670
10671
10688
10691
10697
10704
10706
10715
10733
10757
10778
10785
10795
10824
10834
10841
10847
10875
10881
10895
10897
10906
10938
10954
10964
10983
10992
11008
11014
11058
11063
11081
11083
11087
11097
11136
11172
11193
11237
11242
11256
11271
11284
11295
11311
11315
11335
11338
11340
11356
11373
11390
11392
11411
11415
11419
11431
11432
11451
11498
11514
11519
11556
11562
11571
11581
11585
11592
11599
11617
11642
11644
11664
11673
11677
11694
11706
11750
11751
11752
11786
11801
11802
11815
11816
11830
11844
11888
11896
11921
11947
11960
11993
12066
12127
12136
12146
12150
12248
12252
12264
13316
13318
13357
13381
13424
13440
13459
13474
13489
13495
13514
13521
13522
13579
13584
13585
13591
13643
13679
13682
13774
13835
13874
13878
13914
13929
13934
13936
13991
13999
14000
14026
14030
14069
14080
14084
14111
14117
14122
14178
14179
14187
14204
14231
14232
14234
14249
14259
14282
14285
14286
14316
14318
14339
14346
14377
14420
14457
14463
14522
14535
14553
14560
14571
14624
14650
14664
14674
14708
14709
14723
14754
14759
14769
14795
14840
14845
14867
14868
14886
14966
14970
15034
15064
15066
15075
15078
15107
15125
15151
15180
15201
15208
15236
15241
15252
15256
15274
15311
16397
16418
16471
16528
16531
16592
16594
16596
16607
16629
16663
16685
16689
16701
16732
16735
16742
16762
16772
16780
16814
16847
16849
16874
16885
16891
16906
16911
16960
16973
16975
16990
17069
17072
17079
17086
17108
17126
17147
17182
17205
17208
17222
17249
17250
17255
17257
17287
17376
17379
17399
17401
18449
18455
18466
18479
18492
18496
18532
18547
18576
18579
18592
18644
18667
18678
18734
18739
18782
18809
18822
18836
18840
18846
18869
18881
18941
18998
19033
19037
19038
19064
19077
19089
19109
19114
19169
19180
19182
19192
19196
19200
19228
19244
19259
19315
19332
19338
19373
19411
19422
19429
19447
19519
19553
19582
19583
19611
19632
19688
19723
19731
19763
19767
19863
19889
19978
19990
20002
20015
20032
20043
20044
20106
20116
20117
20121
20173
20191
20207
20244
20255
20256
20297
20299
20305
20312
20321
20345
20361
20363
20418
21506
21520
21571
21574
21575
21578
21590
21599
21603
21612
21614
21692
21741
21753
21756
21765
21768
21824
21826
21838
21862
21883
21911
21980
22010
22011
22047
22055
22080
22085
22092
22122
22128
22129
22133
22148
22177
22185
22227
22250
22305
22313
22341
22356
22368
22371
22381
22382
22407
22411
22431
22453
22501
22508
22515
22529
22541
22548
22566
22628
22661
22678
22689
22699
22706
22724
22726
22745
22798
22819
22833
22860
22869
22876
22882
22884
22889
22894
22908
22924
22927
22975
23002
23007
23031
23074
23091
23105
23106
23128
23140
23201
23202
23216
23243
23246
23289
23353
23360
23382
23383
23416
23487
23488
23495
25607
25620
25701
25705
25718
25812
25832
25927
25933
25998
26048
26104
26105
26118
26119
26136
26162
26173
26194
26210
26218
26317
26418
26426
26434
26505
26592
26593
26594
26595
26598
26599
26600
26601
26602
26603
26604
26605
26606
26607
26608
26609
26610
26611
26612
26613
26614
26615
26616
26617
26618
26619
26620
26621
26622
26623
27648
27649
27650
27651
27652
27653
27654
27655
27656
27658
27659
27660
27661
27662
27663
27665
27666
27667
27668
27669
27670
27671
27672
27673
27674
27675
27676
27677
27678
27679
27680
27681
27683
27684
27686
27687
27688
27689
27690
27691
27692
27693
27694
27695
27696
27697
27698
27699
27700
27701
27702
27704
27705
27708
27709
27710
27711
27712
27713
27714
27715
27716
27717
27718
27719
27720
27721
27723
27725
27726
27727
27728
27729
27730
27731
27732
27733
27734
27735
27736
27737
27738
27739
27740
27741
27742
27744
27745
27746
27747
27748
27749
27750
27751
27752
27753
27754
27755
27756
27757
27758
27759
27760
27761
27762
27763
27764
27766
27768
27770
27771
27773
27774
27775
27776
27777
27778
27779
27780
27781
27782
27783
27784
27785
27786
27787
27788
27789
27790
27791
27792
27793
27794
27795
27796
27797
27798
27799
27800
27802
27803
27804
27805
27806
27807
27808
27809
27810
27811
27812
27813
27814
27817
27818
27819
27820
27822
27823
27824
27825
27826
27827
27828
27830
27831
27832
27833
27834
27835
27836
27837
27838
27839
27841
27842
27843
27844
27845
27847
27848
27850
27851
27852
27853
27854
27855
27856
27858
27859
27860
27862
27864
27865
27866
27867
27870
27871
27872
27873
27874
27875
27876
27877
27879
27880
27881
27882
27883
27884
27885
27886
27887
27888
27889
27890
27891
27892
27893
27894
27895
27896
27897
27898
27899
27900
27901
27902
27903
27904
27905
27907
27908
27909
27910
27911
27912
27913
27914
27915
27916
27917
27918
27919
27920
27921
27922
27923
27924
27925
27926
27927
27928
27929
27930
27931
27932
27933
27934
27935
27936
27937
27938
27939
27940
27941
27942
27943
27944
27945
27946
27947
27948
27949
27950
27951
27952
27953
27955
27956
27957
27958
27959
27960
27961
27962
27964
27965
27966
27967
27968
27969
27970
27971
27972
27974
27975
27976
27977
27978
27979
27980
27981
27983
27984
27986
27987
27988
27989
27991
27992
27993
27994
27995
27996
27997
27998
27999
28000
28001
28002
28006
28007
28008
28009
28011
28012
28013
28015
28017
28018
28019
28020
28021
28022
28023
28024
28025
28026
28027
28028
28029
28030
28031
28032
28033
28034
28035
28036
28037
28038
28039
28040
28041
28043
28044
28045
28046
28047
28048
28049
28050
28051
28052
28053
28054
28055
28056
28058
28059
28060
28061
28062
28063
28064
28065
28066
28067
28068
28069
28070
28071
28072
28073
28074
28075
28077
28078
28079
28080
28081
28082
28083
28084
28085
28086
28087
28088
28089
28091
28093
28094
28096
28097
28098
28099
28100
28103
28104
28105
28107
28109
28110
28111
28112
28113
28114
28115
28116
28117
28118
28119
28120
28121
28122
28124
28125
28126
28127
28128
28129
28130
28131
28132
28133
28135
28136
28137
28138
28139
28140
28142
28143
28144
28145
28146
28148
28149
28150
28151
28153
28154
28156
28157
28158
28159
28160
28163
28164
28165
28166
28169
28170
28171
28172
28173
28175
28176
28177
28178
28180
28181
28182
28183
28184
28186
28187
28188
28189
28190
28191
28193
28194
28195
28196
28197
28198
28201
28202
28203
28204
28205
28207
28209
28210
28211
28212
28213
28215
28216
28218
28219
28220
28222
28223
28224
28225
28226
28227
28229
28230
28231
28232
28233
28234
28236
28238
28239
28240
28241
28243
28246
28247
28248
28249
28250
28251
28252
28253
28254
28255
28256
28257
28258
28260
28261
28262
28263
28264
28265
28267
28269
28270
28271
28272
28273
28274
28275
28276
28277
28278
28279
28283
28285
28287
28291
28292
28293
28294
28295
28296
28297
28298
28299
28300
28301
28304
28305
28306
28308
28309
28310
28313
28315
28316
28317
28318
28319
28320
28321
28323
28324
28326
28327
28328
28329
28332
28333
28334
28335
28336
28337
28338
28342
28343
28344
28345
28346
28349
28351
28352
28356
28357
28358
28359
28360
28361
28362
28366
28368
28369
28370
28371
28372
28373
28374
28375
28376
28377
28378
28381
28382
28383
28384
28385
28386
28387
28390
28391
28392
28393
28394
28395
28396
28397
28398
28399
28400
28403
28404
28405
28406
28407
28408
28409
28410
28411
28412
28413
28414
28415
28417
28418
28419
28420
28421
28422
28423
28424
28425
28428
28429
28431
28432
28433
28434
28435
28436
28437
28438
28439
28440
28441
28442
28443
28444
28445
28446
28447
28448
28449
28451
28452
28453
28454
28455
28456
28457
28458
28459
28460
28461
28462
28463
28464
28465
28466
28467
28468
28469
28472
28474
28475
28476
28477
28478
28479
28480
28481
28482
28483
28484
28485
28486
28487
28488
28489
28490
28491
28492
28493
28494
28495
28496
28497
28498
28499
28500
28501
28502
28503
28504
28505
28506
28507
28508
28509
28510
28511
28512
28513
28514
28515
28516
28517
28518
28519
28520
28521
28522
28523
28524
28525
28526
28529
28530
28531
28532
28533
28534
28535
28536
28537
28538
28539
28540
28541
28543
28544
28545
28546
28547
28548
28549
28550
28551
28552
28553
28554
28555
28556
28557
28558
28559
28560
28561
28563
28564
28566
28567
28569
28570
28571
28572
28573
28574
28576
28577
28579
28580
28581
28582
28583
28584
28585
28586
28587
28588
28589
28590
28591
28592
28593
28594
28595
28596
28597
28598
28599
28601
28602
28603
28604
28605
28606
28608
28609
28610
28613
28614
28615
28616
28618
28619
28620
28621
28623
28624
28626
28627
28628
28629
28630
28631
28633
28634
28635
28636
28637
28638
28639
28640
28641
28642
28644
28646
28647
28649
28650
28652
28653
28654
28656
28657
28658
28660
28661
28662
28663
28664
28665
28666
28667
28668
28669
28670
52224
52226
52227
52228
52229
52230
52231
52232
52233
52234
52235
52236
52238
52240
52241
52242
52243
52245
52246
52247
52248
52249
52250
52251
52252
52253
52255
52256
52257
52258
52259
52260
52262
52263
52264
52265
52266
52267
52268
52269
52270
52271
52272
52273
52274
52275
52276
52277
52278
52279
52280
52281
52282
52283
52284
52285
52286
52287
52288
52289
52290
52291
52292
52293
52294
52295
52296
52297
52298
52299
52300
52301
52303
52304
52305
52306
52307
52308
52310
52311
52312
52313
52314
52315
52316
52317
52318
52319
52320
52321
52322
52323
52324
52326
52327
52328
52329
52330
52331
52332
52333
52334
52335
52336
52337
52338
52339
52340
52341
52342
52343
52344
52345
52346
52347
52348
52349
52350
52351
52352
52353
52354
52355
52356
52357
52358
52359
52360
52361
52362
52363
52364
52366
52367
52368
52369
52370
52371
52372
52373
52374
52375
52376
52377
52378
52380
52381
52382
52383
52384
52385
52386
52387
52388
52389
52390
52391
52392
52393
52394
52395
52396
52397
52398
52399
52400
52401
52402
52403
52404
52405
52406
52407
52408
52409
52410
52411
52412
52413
52414
52415
52417
52418
52419
52420
52422
52423
52424
52425
52426
52427
52428
52429
52430
52431
52432
52433
52434
52435
52436
52437
52438
52439
52440
52441
52442
52444
52445
52446
52447
52449
52451
52452
52453
52454
52455
52456
52458
52459
52460
52462
52463
52464
52465
52466
52467
52468
52469
52470
52471
52472
52473
52474
52475
52476
52477
52478
52479
52480
52481
52482
52483
52484
52485
52486
52488
52489
52490
52491
52492
52493
52494
52495
52496
52497
52498
52499
52500
52501
52503
52504
52505
52506
52507
52508
52509
52510
52511
52512
52519
52520
52523
52524
52525
52527
52528
52529
52530
52531
52532
52533
52534
52535
52537
52538
52539
52540
52541
52542
52543
52544
52545
52547
52548
52549
52550
52551
52552
52554
52555
52556
52557
52558
52559
52560
52561
52562
52564
52565
52566
52567
52569
52570
52571
52573
52574
52575
52576
52577
52579
52580
52581
52582
52583
52584
52586
52587
52589
52591
52592
52593
52594
52596
52599
52600
52601
52602
52603
52604
52605
52606
52607
52608
52609
52610
52611
52612
52613
52614
52615
52616
52617
52618
52620
52621
52622
52623
52624
52625
52626
52628
52630
52631
52633
52634
52635
52636
52637
52638
52639
52640
52641
52642
52643
52645
52646
52647
52648
52649
52651
52652
52653
52654
52656
52657
52659
52660
52662
52663
52667
52668
52670
52671
52672
52673
52674
52675
52676
52677
52679
52680
52681
52682
52683
52684
52685
52686
52687
52688
52689
52692
52694
52695
52696
52698
52699
52700
52703
52704
52705
52706
52708
52709
52711
52712
52714
52715
52716
52717
52718
52719
52720
52721
52722
52724
52727
52728
52729
52731
52735
52737
52739
52740
52741
52742
52743
52745
52746
52747
52748
52749
52750
52751
52752
52754
52755
52756
52757
52758
52759
52762
52764
52765
52766
52767
52768
52769
52770
52771
52772
52773
52774
52775
52777
52778
52780
52781
52782
52783
52786
52787
52788
52789
52790
52793
52794
52795
52796
52797
52798
52799
52800
52801
52802
52804
52808
52809
52812
52814
52815
52817
52818
52819
52820
52821
52822
52825
52826
52827
52828
52829
52830
52831
52833
52834
52837
52838
52839
52840
52841
52842
52843
52844
52846
52847
52848
52850
52851
52852
52853
52854
52855
52856
52857
52858
52860
52861
52862
52863
52864
52866
52867
52869
52870
52871
52872
52873
52875
52876
52877
52878
52879
52882
52883
52885
52886
52887
52888
52889
52890
52891
52892
52893
52894
52896
52897
52898
52899
52900
52901
52903
52904
52905
52906
52907
52908
52910
52911
52912
52913
52914
52915
52916
52917
52918
52920
52922
52923
52924
52925
52926
52927
52928
52930
52931
52932
52933
52934
52935
52936
52937
52938
52939
52940
52941
52944
52945
52946
52947
52948
52950
52951
52952
52953
52956
52958
52960
52962
52963
52964
52965
52966
52967
52968
52969
52970
52971
52972
52973
52974
52976
52977
52978
52979
52981
52982
52984
52985
52986
52988
52990
52991
52992
52993
52994
52995
52996
52997
52998
52999
53000
53003
53004
53005
53006
53007
53008
53010
53011
53012
53013
53014
53016
53017
53018
53019
53020
53021
53022
53024
53026
53027
53028
53029
53030
53032
53034
53035
53038
53039
53040
53041
53043
53044
53045
53046
53047
53048
53049
53050
53051
53052
53055
53057
53060
53061
53062
53063
53064
53065
53066
53067
53070
53071
53072
53073
53075
53076
53077
53078
53079
53080
53081
53083
53084
53085
53086
53087
53088
53094
53095
53096
53097
53098
53100
53101
53102
53107
53108
53111
53112
53113
53115
53116
53118
53119
53120
53121
53122
53123
53124
53125
53127
53130
53132
53133
53134
53135
53136
53138
53139
53140
53141
53142
53143
53146
53147
53150
53151
53152
53153
53154
53155
53156
53157
53158
53159
53160
53161
53162
53163
53164
53166
53167
53168
53169
53170
53171
53172
53173
53174
53175
53178
53179
53180
53181
53182
53183
53184
53185
53187
53188
53189
53190
53191
53193
53194
53196
53198
53201
53202
53203
53204
53205
53208
53209
53213
53214
53215
53216
53217
53218
53219
53221
53222
53223
53225
53227
53228
53229
53230
53231
53232
53233
53234
53235
53236
53237
53238
53239
53240
53241
53243
53244
53245
53246
61440
61441
61442
61443
61444
61447
61448
61449
61450
61451
61452
61454
61455
61456
61457
61458
61459
61460
61461
61462
61463
61464
61465
61466
61467
61468
61470
61471
61472
61473
61474
61475
61476
61477
61478
61479
61480
61481
61482
61483
61484
61485
61486
61487
61488
61489
61490
61491
61492
61493
61494
61495
61496
61497
61498
61499
61500
61501
61502
61503
61504
61505
61506
61507
61508
61509
61510
61511
61512
61513
61514
61515
61516
61517
61518
61519
61520
61521
61522
61523
61524
61525
61526
61527
61552
61553
61554
61555
61568
61569
61571
61572
61573
61574
61575
61576
61577
61578
61579
61580
61581
61582
61583
61584
61585
61586
61587
61588
61589
61590
61591
61592
61594
61595
61596
61597
61598
61599
61600
61601
61602
61603
61604
61605
61606
61607
61608
61609
61610
61611
61612
61613
61614
61615
61616
61617
61618
61619
61620
61621
61622
61623
61624
61632
61636
61637
61638
61639
61642
61643
61644
61646
61648
61649
61651
61652
61653
61655
61656
61657
61658
61659
61660
61661
61662
61663
61664
61665
61666
61667
61668
61670
61671
61672
61673
61674
61675
61676
61677
61678
61680
61681
61684
61686
61687
61688
61689
61690
61691
61692
61693
61696
61697
61698
61699
61700
61701
61702
61703
61704
61705
61706
61707
61708
61709
61710
61711
61712
61713
61714
61715
61716
61717
61719
61720
61721
61722
61723
61724
61725
61726
61727
61728
61729
61731
61732
61734
61735
61737
61738
61740
61741
61742
61744
61745
61746
61748
61749
61750
61751
61752
61753
61754
61755
61756
61757
61758
61759
61760
61761
61762
61763
61764
61765
61766
61767
61768
61770
61771
61772
61773
61774
61775
61776
61778
61779
61782
61784
61785
61786
61787
61789
61790
61792
61793
61794
61795
61796
61797
61798
61799
61800
61801
61802
61803
61805
61806
61807
61808
61810
61812
61813
61814
61817
61818
61819
61820
61821
61822
61823
61824
61825
61826
61827
61828
61829
61830
61831
61832
61834
61835
61836
61838
61839
61840
61841
61842
61843
61844
61845
61847
61849
61850
61851
61852
61853
61854
61855
61856
61858
61859
61862
61863
61866
61867
61868
61869
61870
61871
61872
61873
61874
61876
61877
61879
61880
61881
61882
61883
61884
61885
61886
61888
61889
61890
61892
61893
61894
61895
61896
61897
61898
61899
61900
61901
61902
61903
61904
61905
61906
61908
61910
61911
61912
61914
61915
61916
61917
61918
61919
61920
61921
61922
61923
61924
61925
61928
61929
61930
61932
61933
61934
61936
61937
61938
61939
61940
61941
61942
61943
61944
61945
61946
61947
61948
61949
61950
61951
64099
64100
64101
64102
64103
64104
64105
64106
64107
64108
64109
64110
64111
64112
64113
64114
64115
64116
64117
64118
64119
64120
64121
64122
64123
64124
64125
64126
64127
64128
64129
64130
64131
64132
64133
64134
64135
64136
64137
64138
64139
64140
64141
64142
64143
64144
64145
64146
64147
64148
64149
64150
64151
64152
64153
64154
64155
64156
64157
64158
64159
64160
64161
64162
64163
64164
64165
64166
64167
64168
64169
64170
219814
262144
262145
262146
262147
262148
262149
262150
262151
262152
262153
262154
262155
262156
262157
262158
262159
262160
262161
262162
262164
262166
262167
262168
262169
262170
262171
262172
262174
262175
262176
262177
262178
262179
262180
262181
262182
262183
262184
262185
262186
262187
262188
262189
262190
262191
262192
262194
262195
262196
262197
262198
262199
262201
262202
262203
262204
262205
262206
262207
262208
262210
262211
262212
262213
262214
262215
262216
262217
262218
262219
262220
262221
262222
262223
262224
262225
262226
262227
262228
262229
262230
262231
262233
262234
262235
262236
262237
262238
262239
262240
262241
262242
262243
262245
262246
262247
262248
262249
262250
262252
262253
262255
262256
262257
262258
262259
262261
262262
262264
262265
262266
262268
262269
262272
262273
262274
262275
262276
262277
262278
262280
262281
262282
262283
262285
262286
262287
262288
262289
262290
262293
262294
262295
262296
262297
262298
262299
262300
262301
262302
262303
262304
262306
262307
262309
262310
262311
262312
262313
262314
262315
262316
262317
262320
262321
262322
262323
262324
262325
262328
262329
262331
262332
262334
262335
262338
262342
262343
262344
262345
262346
262347
262349
262351
262352
262354
262355
262356
262357
262360
262361
262362
262363
262364
262365
262366
262367
262369
262371
262373
262374
262376
262378
262379
262380
262381
262382
262383
262385
262387
262388
262389
262390
262391
262393
262394
262395
262397
262399
262401
262402
262403
262404
262405
262406
262407
262408
262409
262411
262412
262413
262414
262415
262416
262417
262418
262420
262422
262423
262424
262426
262427
262428
262430
262431
262432
262433
262434
262435
262436
262437
262438
262439
262441
262442
262444
262445
262446
262447
262448
262449
262450
262451
262452
262453
262454
262455
262456
262457
262458
262459
262460
262462
262463
262465
262468
262469
262470
262473
262474
262475
262476
262477
262478
262480
262481
262482
262483
262485
262486
262487
262490
262491
262492
262494
262496
262497
262498
262499
262500
262501
262502
262503
262504
262505
262506
262507
262508
262511
262512
262513
262514
262515
262516
262517
262518
262519
262520
262521
262523
262524
262526
262527
262529
262530
262531
262532
262533
262534
262535
262536
262539
262540
262541
262542
262543
262544
262545
262546
262547
262548
262549
262550
262551
262552
262557
262558
262559
262560
262562
262565
262566
262567
262568
262570
262571
262572
262573
262574
262575
262576
262577
262578
262579
262580
262581
262582
262583
262584
262585
262586
262587
262588
262589
262590
262591
262593
262594
262595
262596
262597
262598
262600
262601
262603
262604
262605
262606
262608
262609
262610
262611
262612
262613
262614
262615
262616
262617
262620
262621
262622
262623
262624
262625
262626
262628
262629
262630
262632
262633
262634
262637
262638
262639
262642
262643
262644
262645
262648
262649
262651
262652
262653
262654
262655
262657
262659
262661
262662
262663
262664
262666
262667
262668
262669
262671
262672
262673
262674
262675
262676
262679
262684
262685
262686
262687
262688
262689
262690
262691
262693
262694
262695
262696
262698
262699
262700
262702
262706
262708
262709
262710
262711
262712
262713
262714
262715
262720
262722
262724
262725
262727
262728
262729
262731
262734
262737
262738
262739
262740
262741
262742
262744
262747
262749
262751
262753
262754
262755
262756
262757
262758
262760
262761
262762
262763
262764
262765
262766
262767
262768
262769
262770
262772
262773
262775
262777
262778
262779
262781
262782
262783
262784
262785
262786
262787
262790
262791
262792
262794
262796
262797
262798
262799
262800
262801
262803
262805
262807
262808
262809
262811
262812
262813
262814
262815
262817
262818
262820
262821
262822
262824
262825
262826
262828
262829
262830
262831
262832
262834
262836
262837
262839
262841
262842
262844
262845
262846
262847
262851
262852
262854
262855
262856
262857
262861
262863
262865
262866
262867
262868
262869
262872
262873
262875
262876
262878
262879
262880
262881
262882
262885
262886
262887
262888
262889
262890
262891
262893
262895
262896
262897
262898
262899
262901
262903
262905
262906
262907
262908
262909
262911
262912
262913
262914
262916
262920
262921
262922
262923
262924
262925
262926
262927
262928
262929
262930
262931
262932
262933
262934
262935
262936
262937
262938
262940
262942
262944
262945
262947
262948
262949
262952
262953
262954
262955
262957
262958
262959
262960
262962
262963
262965
262966
262967
262968
262970
262972
262973
262974
262975
262977
262978
262979
262981
262982
262985
262986
262988
262989
262990
262991
262993
262994
262995
262996
262997
262998
262999
263002
263003
263004
263005
263006
263007
263008
263009
263010
263011
263012
263014
263015
263016
263018
263019
263020
263022
263023
263024
263025
263026
263027
263028
263029
263031
263032
263033
263034
263035
263036
263038
263039
263040
263041
263042
263043
263044
263045
263047
263048
263049
263050
263053
263055
263056
263057
263058
263059
263060
263061
263062
263063
263065
263066
263067
263069
263071
263072
263073
263075
263076
263077
263078
263080
263081
263083
263084
263085
263086
263087
263088
263089
263090
263093
263094
263095
263096
263097
263098
263099
263101
263102
263103
263104
263105
263106
263108
263109
263110
263111
263112
263114
263115
263116
263117
263118
263119
263120
263121
263122
263123
263124
263126
263127
263128
263129
263131
263133
263134
263135
263136
263137
263138
263139
263140
263141
263142
263143
263144
263145
263146
263147
263148
263149
263150
263151
263152
263153
263154
263155
263156
263157
263158
263159
263162
263163
263165
263167
263169
263170
263172
263173
263174
263175
263176
263177
263178
263179
263180
263181
263182
263183
263184
263185
263186
263187
263189
263190
263191
263192
263193
263194
263195
263196
263197
263198
263199
263200
263201
263202
263204
263205
263206
263208
263209
263210
263212
263213
263214
263215
263216
263217
263218
263219
263220
263221
263222
263223
263224
263226
263227
263228
263229
263230
263231
263232
263233
263234
263235
263236
263237
263238
263239
263240
263241
263242
263243
263244
263245
263246
263247
263248
263249
263250
263251
263252
263253
263255
263256
263257
263258
263259
263261
263262
263263
263264
263265
263266
263267
263268
263269
263270
263271
263273
263274
263275
263276
263277
263278
263279
263280
263281
263282
263283
263284
263285
263286
263287
263289
263290
263291
263292
263293
263294
263295
263297
263299
263300
263301
263302
263303
263304
263305
263307
263308
263309
263310
263311
263312
263313
263317
263318
263319
263320
263321
263322
263324
263325
263326
263327
263328
263329
263330
263331
263332
263333
263335
263336
263337
263338
263339
263340
263341
263342
263343
263344
263345
263346
263347
263348
263349
263350
263351
263352
263353
263355
263356
263357
263358
263359
263360
263362
263363
263364
263365
263369
263370
263371
263372
263374
263375
263376
263377
263378
263380
263381
263382
263383
263384
263385
263387
263389
263390
263393
263394
263395
263396
263398
263399
263400
263402
263403
263404
263405
263406
263407
263408
263410
263411
263413
263415
263417
263418
263419
263420
263421
263422
263424
263425
263427
263428
263429
263431
263432
263433
263434
263435
263436
263437
263438
263439
263440
263441
263442
263443
263444
263445
263446
263449
263450
263452
263453
263454
263455
263456
263457
263458
263459
263461
263462
263464
263465
263466
263467
263468
263469
263470
263471
263472
263473
263474
263475
263476
263477
263478
263479
263480
263481
263482
263483
263484
263485
263486
263487
263488
263491
263492
263493
263494
263495
263496
263497
263498
263499
263500
263501
263502
263506
263507
263508
263509
263511
263512
263513
263514
263515
263516
263517
263518
263519
263520
263521
263522
263524
263525
263526
263527
263528
263530
263532
263533
263534
263535
263536
263537
263538
263539
263540
263541
263543
263544
263545
263546
263547
263548
263549
263550
263551
263553
263554
263555
263556
263558
263559
263560
263561
263562
263563
263566
263567
263568
263569
263570
263571
263573
263574
263575
263576
263577
263578
263579
263580
263582
263583
263584
263585
263586
263587
263588
263589
263590
263591
263592
263594
263595
263596
263598
263599
263600
263601
263602
263603
263604
263605
263606
263608
263609
263610
263611
263612
263613
263614
263615
263616
263617
263618
263620
263621
263623
263624
263625
263626
263627
263628
263629
263630
263631
263633
263634
263635
263636
263637
263638
263639
263641
263642
263643
263644
263645
263647
263648
263649
263650
263651
263652
263656
263657
263659
263660
263661
263662
263663
263664
263665
263666
263667
263668
263670
263671
263672
263673
263674
263675
263676
263677
263680
263681
263683
263684
263685
263686
263687
263688
263689
263690
263691
263692
263693
263694
263695
263697
263698
263699
263700
263701
263702
263703
263704
263706
263707
263708
263709
263710
263711
263712
263713
263714
263715
263716
263717
263718
263719
263720
263721
263722
263723
263724
263725
263726
263727
263728
263729
263730
263731
263732
263735
263736
263737
263738
263739
263740
263741
263742
263743
263744
263746
263748
263749
263750
263751
263752
263753
263754
263755
263756
263757
263758
263759
263760
263761
263762
263763
263764
263765
263766
263767
263768
263769
263770
263771
263772
263773
263774
263775
263776
263777
263778
263779
263780
263781
263782
263783
263784
263785
263786
263787
263789
263790
263791
263792
263793
263794
263795
263796
263798
263799
263800
263801
263802
263804
263805
263806
263807
263808
263809
263810
263811
263812
263813
263814
263815
263816
263817
263818
263819
263820
263821
263822
263823
263824
263825
263826
263827
263829
263830
263831
263832
263833
263834
263835
263836
263838
263840
263841
263842
263843
263844
263845
263846
263847
263848
263849
263850
263852
263853
263855
263857
263858
263859
263860
263861
263863
263864
263866
263867
263868
263869
263870
263873
263874
263876
263877
263878
263879
263880
263881
263882
263884
263885
263886
263887
263888
263889
263890
263891
263892
263897
263898
263900
263902
263903
263904
263905
263906
263907
263908
263909
263910
263911
263912
263913
263914
263915
263917
263918
263919
263920
263921
263922
263924
263925
263926
263927
263928
263929
263930
263931
263932
263934
263935
263936
263937
263939
263940
263941
263942
263943
263944
263945
263946
263947
263948
263949
263950
263951
263952
263953
263955
263956
263957
263958
263959
263960
263961
263962
263963
263965
263966
263967
263968
263969
263970
263972
263973
263974
263975
263976
263977
263979
263980
263981
263982
263983
263984
263985
263987
263988
263989
263990
263991
263992
263993
263994
263995
263997
263998
264000
264001
264002
264003
264004
264005
264007
264008
264009
264010
264011
264012
264013
264014
264015
264017
264019
264020
264021
264022
264023
264024
264025
264027
264029
264030
264032
264033
264035
264036
264037
264040
264041
264042
264043
264044
264045
264046
264047
264048
264049
264050
264051
264053
264054
264055
264056
264058
264059
264061
264062
264063
264064
264065
264066
264067
264068
264069
264070
264071
264072
264074
264075
264076
264077
264078
264079
264080
264083
264086
264087
264088
264089
264090
264091
264092
264093
264094
264095
264096
264099
264100
264101
264102
264103
264104
264105
264106
264108
264110
264111
264112
264114
264116
264117
264118
264119
264120
264123
264124
264125
264126
264127
264128
264129
264130
264133
264134
264135
264136
264137
264138
264139
264141
264144
264145
264146
264147
264148
264150
264152
264153
264155
264157
264158
264159
264160
264161
264162
264163
264164
264166
264167
264168
264169
264170
264172
264173
264174
264177
264178
264180
264181
264182
264185
264186
264189
264190
264191
264192
264193
264194
264195
264196
264197
264198
264200
264201
264202
264203
264204
264205
264206
264207
264208
264209
264210
264211
264212
264213
264214
264215
264216
264217
264220
264221
264223
264224
264225
264226
264227
264228
264229
264230
264231
264232
264233
264234
264235
264236
264237
264238
264239
264241
264242
264244
264246
264247
264248
264249
264250
264251
264254
264255
264256
264257
264258
264259
264260
264261
264262
264263
264264
264266
264267
264268
264269
264270
264271
264273
264274
264275
264278
264280
264281
264283
264284
264285
264286
264288
264289
264291
264293
264294
264295
264296
264297
264298
264299
264300
264301
264302
264304
264308
264309
264310
264311
264312
264313
264315
264316
264318
264319
264320
264321
264322
264323
264324
264326
264327
264328
264329
264331
264332
264333
264334
264336
264337
264338
264339
264340
264341
264342
264343
264344
264345
264346
264348
264350
264351
264353
264354
264355
264356
264358
264359
264360
264363
264366
264367
264368
264369
264370
264372
264373
264374
264375
264377
264378
264380
264381
264384
264385
264386
264387
264389
264391
264392
264393
264396
264397
264398
264400
264401
264402
264403
264404
264406
264407
264409
264411
264412
264413
264414
264415
264416
264420
264421
264422
264423
264424
264425
264426
264427
264428
264429
264430
264432
264433
264434
264435
264436
264437
264439
264440
264441
264442
264443
264444
264446
264448
264449
264450
264451
264452
264453
264454
264455
264456
264458
264459
264460
264461
264462
264463
264464
264465
264466
264467
264468
264469
264470
264471
264472
264473
264474
264475
264476
264477
264479
264481
264482
264483
264484
264485
264486
264487
264489
264490
264491
264492
264494
264495
264496
264497
264498
264500
264503
264506
264507
264508
264509
264510
264511
264512
264513
264514
264516
264517
264518
264519
264520
264521
264522
264523
264524
264525
264526
264527
264528
264529
264530
264531
264533
264534
264536
264537
264539
264540
264541
264542
264543
264544
264545
264547
264548
264549
264550
264551
264552
264553
264554
264555
264556
264557
264559
264561
264562
264564
264565
264566
264567
264568
264569
264570
264571
264573
264574
264576
264577
264578
264579
264580
264581
264582
264583
264584
264586
264587
264588
264589
264590
264591
264592
264594
264595
264596
264597
264598
264599
264602
264603
264604
264605
264606
264607
264608
264609
264610
264611
264612
264613
264614
264615
264616
264617
264618
264619
264620
264621
264622
264623
264624
264625
264626
264627
264628
264629
264630
264631
264633
264634
264635
264636
264637
264638
264639
264640
264641
264642
264643
264644
264645
264646
264647
264648
264649
264650
264651
264652
264653
264654
264655
264656
264657
264658
264659
264660
264661
264662
264663
264664
264665
264666
264667
264668
264669
264670
264671
264672
264673
264674
264675
264676
264678
264679
264680
264681
264682
264683
264684
264685
264686
264687
264688
264689
264690
264691
264692
264693
264694
264695
264696
264697
264699
264700
264701
264702
264704
264705
264706
264707
264708
264710
264712
264713
264714
264715
264716
264717
264718
264719
264720
264721
264722
264723
264724
264725
264726
264727
264728
264729
264730
264731
264732
264733
264734
264735
264736
264737
264738
264739
264740
264741
264742
264743
264744
264745
264746
264747
264748
264749
264750
264751
264752
264753
264754
264756
264757
264758
264759
264760
264761
264762
264763
264764
264765
264766
264767
264768
264769
264770
264771
264773
264774
264775
264776
264778
264779
264780
264781
264782
264783
264784
264785
264786
264787
264788
264789
264790
264791
264792
264793
264794
264795
264796
264797
264798
264799
264800
264801
264802
264803
264804
264805
264806
264807
264808
264809
264810
264811
264812
264813
264814
264815
264817
264818
264819
264820
264821
264822
264823
264824
264825
264826
264827
264828
264829
264830
264831
264832
264834
264835
264836
264837
264838
264840
264841
264842
264843
264844
264845
264846
264847
264848
264849
264850
264851
264852
264853
264854
264855
264856
264857
264858
264859
264861
264862
264863
264864
264865
264866
264867
264868
264869
264870
264871
264872
264874
264876
264878
264879
264880
264881
264882
264883
264885
264886
264887
264888
264889
264890
264891
264892
264893
264894
264895
264897
264898
264899
264900
264901
264902
264903
264906
264908
264909
264910
264911
264912
264913
264914
264915
264916
264917
264918
264919
264920
264921
264923
264924
264926
264927
264928
264929
264930
264931
264932
264933
264934
264935
264936
264937
264938
264939
264940
264941
264942
264943
264944
264946
264947
264948
264949
264952
264953
264954
264955
264956
264957
264958
264959
264960
264961
264962
264963
264964
264965
264966
264967
264968
264969
264970
264971
264972
264973
264974
264975
264976
264978
264979
264980
264982
264983
264984
264985
264986
264987
264988
264989
264990
264991
264992
264993
264995
264996
264997
264998
264999
265000
265003
265004
265005
265006
265007
265008
265009
265010
265011
265014
265015
265016
265017
265018
265019
265020
265021
265022
265023
265024
265025
265026
265027
265028
265029
265032
265033
265034
265035
265036
265037
265038
265040
265041
265042
265043
265044
265045
265046
265049
265050
265051
265052
265053
265054
265055
265056
265058
265059
265060
265061
265062
265063
265064
265065
265066
265067
265070
265071
265072
265073
265077
265078
265079
265080
265081
265082
265083
265084
265085
265086
265087
265088
265090
265091
265092
265093
265094
265095
265096
265097
265098
265099
265100
265101
265102
265103
265104
265106
265107
265109
265111
265112
265113
265114
265116
265117
265118
265119
265121
265122
265124
265125
265126
265127
265128
265129
265130
265131
265132
265133
265135
265136
265137
265138
265139
265140
265141
265142
265143
265144
265146
265147
265148
265149
265150
265151
265152
265153
265157
265158
265160
265161
265162
265163
265164
265165
265166
265168
265169
265170
265171
265172
265173
265174
265175
265176
265177
265178
265179
265180
265181
265182
265183
265185
265186
265187
265188
265189
265190
265191
265192
265193
265194
265197
265198
265199
265201
265202
265203
265204
265205
265207
265210
265212
265213
265214
265215
265217
265218
265219
265220
265221
265222
265223
265224
265225
265226
265227
265229
265230
265231
265232
265234
265235
265236
265237
265238
265239
265240
265242
265243
265244
265245
265246
265247
265249
265250
265254
265255
265256
265257
265258
265259
265260
265261
265262
265263
265264
265265
265266
265267
265268
265269
265270
265271
265272
265273
265274
265275
265276
265277
265278
265279
265280
265281
265282
265283
265284
265285
265286
265287
265288
265289
265290
265291
265292
265293
265294
265295
265296
265298
265300
265301
265302
265303
265304
265305
265306
265307
265308
265309
265310
265311
265312
265313
265314
265315
265317
265319
265320
265321
265322
265323
265324
265325
265326
265328
265329
265330
265331
265332
265334
265335
265336
265337
265338
265339
265340
265341
265342
265344
265345
265346
265348
265349
265350
265351
265353
265354
265355
265356
265358
265359
265360
265362
265363
265364
265365
265366
265367
265369
265370
265372
265374
265375
265376
265377
265378
265379
265380
265382
265383
265384
265385
265386
265387
265388
265389
265390
265391
265392
265393
265394
265395
265396
265397
265398
265400
265401
265403
265404
265405
265406
265407
265408
265409
265410
265411
265412
265415
265417
265418
265419
265420
265421
265423
265424
265425
265426
265427
265428
265429
265430
265431
265432
265433
265434
265435
265436
265437
265438
265439
265440
265442
265443
265446
265447
265448
265449
265450
265451
265453
265455
265456
265457
265458
265460
265461
265462
265463
265464
265465
265466
265467
265468
265471
265472
265473
265474
265475
265476
265477
265478
265479
265480
265481
265482
265483
265484
265485
265486
265487
265488
265490
265491
265492
265493
265495
265496
265497
265499
265500
265501
265502
265503
265504
265505
265506
265508
265509
265510
265511
265512
265513
265514
265515
265517
265518
265519
265520
265521
265523
265524
265525
265526
265527
265529
265530
265531
265533
265534
265535
265538
265539
265540
265541
265542
265545
265546
265547
265548
265549
265550
265551
265552
265553
265554
265555
265556
265559
265560
265561
265562
265564
265565
265566
265567
265568
265569
265570
265571
265572
265573
265574
265575
265576
265577
265578
265579
265580
265581
265582
265583
265584
265585
265586
265587
265588
265589
265590
265591
265592
265593
265594
265595
265596
265598
265599
265600
265601
265602
265603
265604
265605
265606
265607
265608
265609
265610
265611
265612
265613
265614
265615
265616
265617
265618
265619
265620
265621
265622
265623
265624
265625
265626
265627
265628
265629
265630
265631
265632
265633
265634
265635
265636
265637
265638
265639
265640
265641
265642
265643
265644
265645
265646
265647
265648
265650
265651
265652
265653
265654
265655
265656
265657
265658
265659
265660
265661
265662
265663
265665
265666
265667
265668
265669
265670
265671
265672
265673
265674
265675
265676
265677
265678
265679
265680
265682
265683
265684
265685
265686
265687
265688
265689
265690
265691
265692
265693
265694
265695
265696
265697
265698
265699
265700
265701
265702
265703
265704
265705
265706
265707
265708
265709
265711
265712
265713
265714
265715
265717
265719
265720
265721
265722
265723
265724
265725
265727
265728
265729
265730
265731
265732
265733
265734
265735
265736
265737
265738
265739
265740
265741
265742
265743
265744
265745
265746
265748
265749
265750
265751
265752
265753
265754
265755
265756
265757
265758
265759
265760
265761
265762
265763
265765
265766
265767
265768
265769
265770
265771
265772
265773
265774
265775
265776
265777
265778
265779
265780
265781
265783
265784
265785
265786
265787
265788
265790
265791
265792
265793
265794
265795
265796
265797
265798
265799
265800
265801
265802
265803
265804
265805
265806
265807
265808
265809
265810
265811
265812
265813
265814
265815
265816
265817
265818
265819
265820
265821
265822
265823
265824
265825
265826
265827
265828
265829
265830
265831
265833
265834
265835
265836
265837
265838
265839
265840
265841
265842
265843
265844
265845
265847
265848
265849
265850
265851
265852
265853
265854
265855
265856
265857
265858
265859
265860
265861
265862
265863
265864
265865
265866
265867
265868
265869
265870
265871
265873
265874
265875
265876
265877
265879
265880
265882
265883
265884
265885
265886
265887
265888
265890
265891
265892
265894
265895
265896
265897
265898
265902
265903
265904
265905
265906
265907
265909
265910
265911
265912
265913
265914
265915
265916
265917
265918
265919
265920
265923
265924
265925
265927
265928
265929
265930
265931
265932
265933
265934
265935
265936
265937
265938
265939
265941
265942
265943
265944
265946
265947
265948
265949
265952
265953
265955
265956
265957
265958
265960
265961
265964
265965
265966
265968
265969
265971
265972
265973
265974
265975
265976
265978
265979
265980
265981
265982
265983
265984
265985
265986
265987
265988
265989
265990
265993
265994
265995
265996
265997
265998
265999
266000
266002
266003
266004
266005
266006
266009
266010
266011
266012
266013
266014
266015
266016
266017
266019
266020
266021
266022
266025
266026
266028
266029
266030
266031
266032
266034
266035
266036
266037
266038
266039
266040
266041
266042
266043
266044
266045
266046
266047
266048
266049
266051
266052
266053
266055
266057
266059
266060
266061
266062
266063
266064
266065
266066
266067
266068
266069
266070
266071
266072
266073
266074
266075
266076
266077
266080
266081
266082
266083
266084
266086
266087
266089
266090
266091
266092
266093
266094
266095
266096
266097
266098
266100
266101
266102
266103
266104
266105
266106
266107
266109
266110
266111
266113
266114
266115
266117
266118
266119
266120
266121
266122
266124
266126
266127
266128
266129
266130
266131
266132
266133
266136
266138
266139
266140
266141
266142
266143
266145
266146
266148
266149
266150
266151
266152
266153
266154
266155
266156
266157
266158
266159
266160
266161
266163
266164
266165
266166
266167
266168
266169
266170
266171
266172
266173
266174
266176
266177
266178
266179
266180
266181
266182
266184
266185
266186
266187
266188
266189
266190
266191
266192
266193
266194
266195
266196
266197
266198
266200
266201
266202
266203
266204
266206
266207
266208
266210
266211
266212
266213
266214
266215
266216
266217
266218
266219
266220
266222
266223
266224
266226
266227
266228
266229
266230
266231
266232
266235
266236
266238
266240
266241
266242
266243
266244
266245
266246
266247
266248
266250
266251
266252
266253
266256
266258
266260
266262
266265
266266
266267
266268
266269
266270
266271
266272
266273
266274
266275
266277
266278
266279
266280
266281
266282
266283
266284
266285
266286
266287
266288
266289
266290
266291
266292
266293
266294
266295
266296
266297
266298
266299
266300
266301
266302
266303
266304
266305
266306
266308
266309
266310
266311
266312
266313
266315
266316
266317
266318
266319
266320
266321
266322
266323
266325
266326
266327
266328
266329
266331
266332
266333
266334
266335
266336
266337
266338
266339
266341
266342
266343
266345
266346
266348
266349
266351
266352
266353
266354
266355
266356
266357
266358
266359
266360
266361
266362
266363
266364
266365
266366
266368
266369
266371
266373
266374
266375
266376
266377
266378
266379
266380
266381
266382
266383
266384
266385
266386
266387
266388
266389
266390
266391
266392
266394
266396
266397
266398
266399
266400
266401
266402
266403
266404
266405
266406
266407
266408
266409
266410
266411
266412
266414
266415
266416
266417
266418
266419
266420
266422
266423
266425
266426
266427
266428
266429
266430
266431
266432
266433
266434
266435
266436
266437
266438
266439
266440
266441
266443
266444
266445
266446
266447
266448
266449
266450
266451
266452
266453
266454
266455
266456
266457
266458
266459
266460
266461
266462
266463
266465
266466
266467
266468
266469
266470
266471
266473
266474
266475
266476
266477
266478
266479
266480
266481
266483
266484
266485
266486
266487
266488
266489
266492
266493
266495
266497
266498
266499
266500
266502
266504
266505
266506
266507
266508
266509
266510
266511
266512
266513
266514
266515
266516
266517
266518
266519
266520
266521
266522
266523
266524
266525
266526
266527
266528
266529
266530
266532
266533
266534
266535
266536
266538
266539
266541
266544
266545
266546
266547
266549
266550
266551
266552
266553
266554
266556
266558
266560
266561
266563
266564
266565
266566
266567
266568
266569
266570
266571
266572
266573
266574
266575
266577
266578
266579
266580
266583
266584
266586
266588
266589
266591
266592
266593
266594
266595
266597
266598
266599
266600
266601
266602
266603
266604
266605
266606
266607
266608
266610
266611
266613
266614
266615
266616
266617
266618
266619
266620
266621
266623
266624
266625
266626
266627
266628
266629
266630
266631
266632
266633
266634
266635
266636
266637
266638
266640
266641
266642
266643
266644
266646
266647
266648
266649
266650
266651
266652
266653
266654
266655
266656
266659
266660
266661
266662
266663
266664
266665
266666
266667
266668
266669
266670
266671
266672
266673
266674
266675
266676
266677
266678
266679
266680
266681
266682
266683
266684
266685
266686
266687
266688
266689
266690
266691
266692
266693
266694
266695
266696
266697
266698
266699
266700
266701
266702
266703
266704
266705
266706
266707
266708
266709
266710
266711
266712
266713
266715
266716
266717
266718
266719
266720
266721
266722
266723
266724
266725
266726
266728
266729
266730
266731
266732
266733
266734
266735
266736
266737
266739
266740
266741
266742
266743
266744
266745
266746
266747
266748
266749
266750
266751
266752
266753
266754
266755
266756
266757
266758
266759
266760
266761
266762
266763
266764
266765
266766
266767
266768
266769
266770
266771
266772
266773
266774
266775
266776
266777
266778
266779
266780
266781
266782
266783
266784
266785
266786
266788
266789
266790
266791
266792
266793
266794
266795
266796
266797
266798
266799
266800
266801
266802
266803
266804
266805
266806
266807
266809
266810
266811
266812
266813
266814
266815
266816
266818
266819
266820
266821
266822
266823
266826
266827
266828
266829
266830
266831
266832
266834
266835
266836
266837
266838
266839
266840
266841
266842
266843
266844
266845
266846
266848
266849
266850
266851
266852
266853
266854
266855
266856
266857
266858
266859
266860
266861
266862
266863
266864
266865
266866
266867
266868
266869
266870
266871
266872
266873
266874
266875
266876
266877
266878
266879
266880
266881
266882
266883
266884
266885
266886
266887
266888
266889
266890
266891
266892
266893
266894
266895
266897
266898
266899
266900
266901
266902
266903
266904
266905
266906
266907
266910
266911
266914
266915
266916
266917
266918
266919
266920
266921
266923
266924
266925
266926
266927
266928
266929
266931
266933
266934
266935
266936
266937
266938
266939
266940
266941
266942
266943
266944
266946
266948
266949
266951
266952
266953
266954
266955
266956
266958
266959
266960
266961
266962
266963
266964
266965
266966
266967
266968
266969
266970
266971
266972
266973
266975
266976
266978
266979
266982
266983
266984
266985
266986
266987
266989
266990
266992
266993
266995
266996
266997
266999
267000
267001
267002
267003
267004
267006
267007
267008
267009
267011
267012
267013
267015
267016
267017
267019
267020
267021
267022
267023
267024
267026
267027
267028
267029
267030
267031
267032
267033
267034
267035
267036
267037
267038
267039
267040
267042
267043
267044
267045
267046
267047
267048
267049
267050
267051
267052
267053
267054
267055
267056
267057
267058
267059
267060
267061
267062
267064
267065
267066
267067
267068
267069
267070
267071
267072
267073
267074
267076
267077
267078
267079
267080
267081
267083
267085
267086
267087
267088
267089
267090
267091
267092
267093
267096
267100
267101
267102
267103
267104
267105
267106
267107
267108
267110
267111
267113
267114
267115
267116
267117
267119
267120
267121
267122
267123
267124
267125
267126
267127
267128
267129
267130
267132
267135
267136
267137
267138
267140
267141
267142
267143
267145
267146
267147
267148
267150
267151
267152
267155
267156
267157
267158
267159
267160
267161
267162
267163
267164
267166
267167
267168
267169
267170
267171
267172
267173
267174
267175
267176
267177
267178
267179
267180
267181
267183
267184
267185
267186
267187
267188
267189
267190
267191
267192
267194
267195
267196
267197
267198
267199
267200
267201
267202
267203
267204
267205
267206
267207
267208
267209
267210
267211
267212
267214
267215
267216
267217
267218
267219
267220
267221
267222
267224
267225
267226
267227
267228
267229
267230
267231
267232
267233
267234
267235
267236
267237
267238
267239
267241
267242
267243
267244
267245
267246
267247
267248
267250
267251
267252
267255
267256
267257
267258
267259
267260
267261
267262
267263
267264
267265
267266
267267
267268
267270
267271
267277
267278
267279
267280
267281
267282
267283
267284
267286
267287
267288
267289
267290
267291
267292
267293
267294
267295
267296
267297
267298
267299
267300
267301
267302
267303
267304
267305
267306
267307
267308
267309
267310
267311
267313
267314
267315
267316
267317
267318
267319
267320
267321
267322
267323
267324
267325
267326
267327
267328
267329
267330
267331
267332
267334
267335
267336
267338
267339
267340
267342
267343
267344
267345
267346
267347
267348
267349
267350
267351
267352
267353
267354
267355
267357
267358
267359
267360
267361
267362
267363
267364
267365
267366
267367
267368
267369
267370
267372
267373
267374
267375
267377
267378
267379
267380
267381
267382
267383
267384
267385
267386
267387
267388
267389
267390
267391
267392
267393
267394
267396
267397
267398
267399
267400
267401
267403
267404
267405
267407
267408
267409
267410
267412
267413
267415
267416
267417
267418
267419
267421
267422
267423
267424
267425
267426
267427
267428
267429
267430
267432
267433
267434
267436
267437
267438
267439
267440
267441
267442
267443
267444
267445
267446
267447
267448
267449
267450
267451
267452
267453
267454
267455
267456
267458
267459
267461
267462
267463
267464
267465
267466
267467
267468
267469
267470
267471
267472
267473
267475
267476
267477
267478
267479
267480
267481
267483
267484
267485
267486
267487
267488
267489
267490
267491
267492
267494
267495
267496
267497
267498
267499
267500
267501
267502
267503
267505
267506
267507
267508
267509
267510
267511
267512
267513
267514
267515
267516
267517
267518
267519
267520
267521
267522
267523
267524
267525
267526
267527
267528
267529
267530
267531
267532
267533
267534
267535
267536
267537
267538
267539
267540
267541
267542
267543
267544
267545
267546
267548
267549
267550
267551
267552
267554
267555
267556
267557
267559
267560
267561
267562
267563
267564
267565
267566
267567
267568
267569
267570
267571
267572
267573
267574
267575
267576
267577
267578
267580
267581
267582
267583
267584
267585
267586
267587
267588
267589
267590
267592
267593
267594
267595
267596
267597
267598
267600
267601
267602
267603
267604
267605
267606
267607
267608
267610
267611
267612
267613
267614
267616
267618
267619
267620
267621
267623
267624
267625
267626
267627
267628
267629
267630
267632
267633
267634
267635
267636
267637
267638
267640
267641
267642
267643
267645
267646
267647
267648
267649
267650
267651
267653
267654
267655
267656
267657
267658
267659
267660
267662
267663
267664
267665
267666
267668
267669
267670
267671
267673
267674
267675
267676
267677
267678
267679
267680
267681
267682
267683
267684
267685
267686
267687
267688
267689
267690
267691
267692
267693
267694
267695
267696
267697
267698
267699
267700
267701
267702
267703
267704
267705
267706
267707
267708
267709
267710
267711
267712
267713
267714
267715
267717
267718
267719
267720
267721
267722
267723
267724
267728
267729
267730
267731
267732
267733
267734
267735
267736
267737
267738
267739
267740
267741
267742
267743
267744
267745
267746
267747
267748
267749
267750
267751
267752
267753
267755
267756
267757
267758
267759
267760
267761
267762
267763
267764
267765
267766
267767
267768
267769
267770
267771
267772
267773
267774
267775
267776
267777
267778
267779
267781
267782
267783
267784
267785
267786
267787
267788
267789
267790
267791
267792
267793
267794
267795
267796
267797
267798
267799
267800
267801
267802
267803
267804
267807
267808
267809
267810
267811
267812
267813
267814
267815
267816
267817
267818
267819
267820
267821
267822
267823
267824
267825
267826
267827
267828
267829
267830
267831
267832
267833
267834
267835
267836
267837
267838
267839
267840
267841
267842
267843
267844
267845
267846
267847
267848
267849
267850
267851
267852
267853
267854
267855
267856
267857
267858
267859
267860
267861
267862
267863
267864
267865
267866
267867
267868
267869
267870
267871
267872
267873
267874
267875
267876
267877
267878
267879
267880
267881
267882
267883
267885
267887
267888
267889
267890
267891
267892
267893
267894
267895
267896
267897
267898
267899
267900
267901
267902
267903
267904
267905
267906
267907
267908
267909
267910
267912
267913
267914
267915
267916
267917
267918
267919
267920
267921
267923
267924
267925
267926
267927
267928
267929
267930
267931
267932
267933
267934
267935
267936
267937
267938
267939
267940
267941
267942
267943
267944
267945
267946
267949
267950
267951
267952
267953
267954
267955
267956
267957
267959
267960
267961
267962
267963
267964
267965
267966
267969
267970
267971
267972
267973
267974
267975
267976
267978
267979
267980
267981
267982
267983
267984
267985
267986
267987
267988
267990
267991
267992
267993
267994
267995
267997
267998
267999
268001
268002
268003
268004
268005
268006
268007
268008
268009
268011
268013
268014
268015
268016
268017
268018
268019
268020
268021
268022
268023
268024
268026
268027
268028
268029
268030
268031
268032
268033
268034
268035
268036
268037
268038
268039
268040
268041
268042
268043
268044
268045
268046
268047
268048
268049
268050
268051
268052
268054
268055
268056
268057
268058
268059
268060
268061
268062
268063
268064
268065
268066
268067
268068
268069
268070
268071
268072
268073
268074
268075
268076
268077
268078
268079
268080
268081
268082
268083
268084
268085
268086
268087
268088
268089
268091
268092
268093
268094
268095
268096
268097
268098
268099
268100
268101
268102
268103
268104
268105
268106
268107
268108
268109
268110
268111
268112
268113
268114
268115
268116
268117
268118
268119
268120
268122
268123
268124
268125
268126
268127
268128
268129
268130
268131
268132
268134
268135
268136
268137
268138
268139
268140
268141
268142
268143
268144
268145
268146
268147
268148
268149
268150
268151
268153
268154
268155
268156
268157
268158
268159
268160
268161
268162
268163
268164
268165
268166
268168
268170
268171
268172
268173
268174
268175
268176
268177
268178
268179
268180
268181
268182
268183
268184
268185
268186
268188
268189
268190
268191
268192
268193
268194
268195
268196
268197
268198
268199
268200
268201
268202
268203
268205
268206
268207
268208
268209
268210
268211
268213
268214
268215
268216
268217
268218
268219
268220
268221
268222
268224
268226
268227
268229
268230
268231
268232
268233
268234
268235
268237
268238
268239
268240
268241
268242
268243
268244
268245
268246
268247
268248
268249
268250
268251
268252
268253
268254
268255
268256
268257
268258
268261
268262
268263
268264
268265
268267
268268
268269
268271
268272
268273
268274
268275
268276
268277
268278
268280
268281
268283
268284
268285
268286
268287
268288
268289
268290
268291
268292
268293
268294
268295
268296
268297
268298
268299
268300
268302
268303
268304
268305
268306
268307
268308
268310
268311
268312
268313
268314
268316
268317
268318
268319
268320
268321
268323
268324
268325
268327
268328
268329
268330
268331
268334
268335
268336
268337
268339
268341
268342
268343
268344
268346
268347
268348
268349
268350
268351
268352
268353
268354
268355
268356
268357
268359
268360
268361
268362
268364
268365
268366
268367
268368
268369
268371
268372
268373
268374
268375
268376
268377
268378
268379
268380
268381
268383
268384
268385
268388
268389
268390
268391
268392
268393
268394
268395
268396
268397
268398
268399
268400
268401
268402
268403
268404
268405
268406
268407
268408
268409
268410
268411
268412
268413
268415
268417
268418
268420
268421
268422
268423
268424
268425
268426
268428
268429
268430
268431
268432
268433
268434
268435
268436
268437
268438
268439
268440
268441
268443
268444
268445
268446
268447
268448
268449
268450
268451
268452
268453
268454
268455
268456
268458
268459
268460
268462
268463
268464
268465
268466
268467
268468
268469
268470
268471
268473
268474
268475
268476
268477
268478
268479
268480
268481
268482
268483
268484
268485
268487
268488
268490
268492
268493
268494
268496
268497
268498
268499
268500
268502
268503
268504
268505
268506
268507
268508
268509
268510
268511
268512
268513
268514
268515
268516
268517
268518
268519
268521
268522
268523
268525
268526
268527
268528
268529
268531
268532
268533
268535
268536
268537
268538
268539
268540
268541
268543
268544
268545
268546
268547
268548
268549
268550
268551
268552
268553
268554
268555
268556
268557
268558
268559
268560
268562
268563
268564
268565
268568
268569
268570
268571
268572
268573
268574
268576
268577
268578
268579
268580
268581
268582
268584
268585
268586
268587
268588
268589
268590
268592
268593
268594
268595
268596
268597
268598
268599
268600
268601
268602
268604
268605
268606
268607
268608
268609
268610
268611
268612
268613
268615
268616
268617
268618
268620
268621
268622
268623
268624
268625
268626
268627
268628
268630
268631
268632
268633
268635
268636
268637
268639
268640
268641
268642
268643
268644
268645
268646
268647
268648
268649
268650
268651
268653
268654
268655
268656
268657
268658
268659
268660
268661
268663
268664
268665
268667
268668
268669
268670
268671
268673
268674
268675
268676
268677
268678
268679
268681
268682
268683
268684
268685
268686
268687
268688
268689
268690
268692
268693
268695
268696
268697
268698
268699
268700
268701
268702
268703
268704
268705
268707
268708
268710
268711
268712
268713
268714
268715
268716
268717
268718
268720
268721
268722
268725
268726
268727
268728
268729
268730
268731
268732
268733
268735
268736
268737
268738
268739
268740
268741
268742
268743
268744
268745
268746
268747
268748
268749
268750
268751
268753
268754
268755
268757
268758
268759
268760
268762
268763
268764
268765
268766
268768
268770
268771
268773
268774
268775
268778
268779
268781
268782
268783
268784
268785
268786
268787
268788
268789
268790
268791
268792
268793
268794
268795
268796
268797
268798
268800
268801
268802
268803
268804
268805
268806
268807
268808
268809
268810
268811
268812
268813
268814
268815
268816
268817
268818
268819
268821
268822
268823
268824
268825
268826
268827
268828
268829
268830
268831
268832
268833
268835
268836
268837
268838
268839
268840
268841
268842
268843
268844
268845
268846
268847
268848
268849
268850
268852
268854
268855
268858
268860
268862
268863
268864
268865
268866
268867
268868
268869
268870
268872
268873
268874
268875
268876
268878
268879
268880
268881
268882
268883
268884
268885
268886
268887
268888
268889
268890
268892
268893
268896
268897
268898
268899
268900
268901
268902
268903
268904
268905
268907
268908
268909
268910
268911
268912
268913
268914
268915
268916
268917
268919
268920
268921
268923
268924
268925
268926
268927
268928
268929
268930
268932
268933
268934
268935
268936
268937
268938
268939
268940
268941
268942
268943
268944
268945
268946
268947
268948
268949
268950
268952
268953
268954
268955
268956
268957
268958
268959
268960
268961
268962
268963
268964
268966
268967
268968
268969
268970
268971
268972
268973
268974
268975
268976
268977
268978
268979
268980
268982
268983
268985
268988
268989
268990
268991
268992
268993
268995
268996
268997
268998
268999
269000
269001
269002
269003
269004
269005
269006
269007
269008
269010
269011
269014
269015
269016
269017
269018
269021
269022
269023
269024
269025
269027
269028
269029
269030
269031
269032
269033
269034
269035
269036
269037
269038
269039
269040
269041
269042
269044
269045
269046
269047
269048
269049
269050
269051
269052
269053
269054
269055
269056
269057
269058
269060
269061
269063
269064
269065
269067
269068
269069
269070
269072
269073
269074
269075
269076
269077
269078
269079
269080
269082
269083
269084
269086
269087
269088
269089
269090
269091
269092
269093
269096
269097
269098
269099
269100
269101
269102
269103
269106
269107
269108
269109
269110
269111
269113
269114
269115
269116
269117
269118
269120
269121
269122
269123
269124
269125
269126
269127
269128
269129
269130
269131
269132
269133
269134
269135
269136
269137
269138
269139
269140
269141
269143
269144
269145
269146
269147
269148
269149
269150
269151
269153
269154
269155
269157
269158
269159
269160
269162
269163
269164
269166
269167
269168
269170
269171
269172
269173
269174
269175
269177
269178
269179
269180
269181
269182
269183
269184
269185
269186
269187
269188
269189
269190
269191
269192
269193
269194
269195
269196
269197
269198
269199
269200
269201
269202
269203
269204
269205
269206
269207
269208
269209
269210
269211
269212
269213
269214
269215
269216
269217
269218
269219
269220
269221
269222
269223
269224
269225
269226
269227
269228
269229
269230
269231
269233
269234
269235
269236
269237
269238
269239
269241
269242
269243
269244
269245
269246
269247
269248
269249
269250
269251
269252
269254
269255
269256
269258
269260
269261
269262
269263
269264
269265
269266
269267
269268
269269
269270
269271
269272
269273
269274
269276
269277
269278
269279
269280
269281
269283
269284
269285
269286
269287
269288
269289
269290
269291
269292
269293
269294
269295
269296
269297
269298
269299
269300
269301
269302
269303
269304
269305
269306
269307
269308
269309
269310
269311
269312
269314
269315
269316
269317
269318
269319
269320
269321
269322
269323
269324
269325
269326
269328
269329
269330
269331
269332
269333
269335
269336
269337
269338
269339
269340
269342
269344
269345
269346
269347
269348
269349
269350
269351
269352
269353
269354
269355
269357
269358
269359
269360
269361
269363
269364
269365
269366
269367
269368
269369
269370
269371
269372
269373
269374
269375
269376
269377
269378
269379
269380
269382
269383
269385
269386
269387
269388
269389
269391
269392
269393
269394
269395
269396
269397
269398
269400
269401
269402
269403
269404
269405
269406
269407
269408
269409
269411
269412
269413
269415
269416
269417
269418
269419
269420
269421
269422
269423
269424
269425
269427
269429
269430
269431
269432
269433
269434
269435
269436
269437
269438
269439
269441
269442
269443
269444
269445
269446
269447
269448
269449
269450
269451
269452
269453
269454
269455
269456
269457
269459
269460
269461
269462
269463
269464
269466
269467
269468
269469
269470
269471
269472
269473
269474
269475
269476
269477
269478
269479
269480
269481
269482
269483
269484
269485
269486
269487
269488
269490
269491
269493
269494
269495
269496
269497
269498
269499
269500
269501
269502
269504
269505
269506
269508
269510
269511
269512
269513
269514
269515
269516
269517
269518
269519
269520
269521
269522
269523
269524
269525
269526
269527
269528
269529
269530
269531
269532
269533
269534
269535
269536
269537
269538
269539
269541
269543
269544
269546
269547
269548
269549
269550
269551
269552
269553
269554
269555
269556
269557
269558
269559
269560
269561
269562
269563
269564
269565
269566
269567
269568
269569
269570
269571
269572
269573
269574
269577
269578
269579
269580
269581
269582
269583
269584
269585
269586
269587
269588
269589
269590
269591
269592
269593
269595
269597
269598
269599
269600
269601
269602
269603
269604
269605
269606
269607
269608
269609
269610
269611
269612
269613
269614
269615
269616
269617
269618
269619
269620
269621
269622
269623
269624
269625
269626
269627
269628
269630
269631
269632
269633
269634
269635
269636
269637
269638
269639
269640
269641
269642
269643
269644
269645
269646
269647
269648
269649
269650
269652
269653
269654
269655
269656
269657
269658
269659
269660
269662
269663
269664
269665
269667
269668
269669
269670
269671
269672
269673
269674
269675
269676
269677
269678
269679
269680
269681
269683
269684
269685
269686
269687
269688
269690
269691
269692
269693
269695
269696
269697
269698
269699
269700
269701
269702
269703
269704
269705
269706
269707
269708
269709
269711
269712
269713
269714
269715
269716
269717
269718
269719
269720
269721
269722
269725
269726
269727
269728
269729
269730
269731
269732
269733
269734
269735
269736
269737
269738
269739
269740
269741
269742
269743
269744
269745
269746
269747
269748
269749
269750
269751
269752
269753
269754
269755
269756
269757
269758
269759
269761
269762
269763
269764
269766
269767
269768
269769
269770
269771
269772
269773
269774
269775
269776
269777
269778
269779
269780
269781
269782
269783
269784
269785
269786
269787
269788
269789
269790
269791
269792
269793
269794
269795
269796
269797
269798
269799
269800
269801
269802
269803
269804
269805
269806
269807
269808
269809
269810
269811
269813
269814
269815
269816
269817
269818
269819
269820
269821
269822
269823
269824
269825
269826
269827
269828
269829
269830
269831
269832
269833
269834
269835
269836
269837
269838
269839
269840
269841
269842
269843
269844
269845
269846
269847
269848
269849
269850
269851
269852
269853
269854
269855
269856
269857
269858
269859
269860
269861
269862
269863
269864
269865
269866
269867
269868
269869
269870
269872
269873
269874
269875
269876
269877
269878
269879
269880
269881
269882
269883
269884
269885
269886
269887
269888
269889
269890
269891
269892
269893
269894
269895
269897
269898
269899
269900
269901
269902
269903
269904
269905
269906
269907
269908
269909
269910
269911
269912
269913
269914
269915
269916
269917
269918
269919
269920
269921
269923
269924
269925
269926
269927
269928
269929
269930
269931
269933
269934
269935
269936
269937
269938
269939
269940
269941
269942
269943
269944
269946
269949
269950
269951
269952
269953
269954
269955
269956
269957
269959
269960
269961
269962
269963
269964
269965
269966
269967
269968
269970
269971
269972
269973
269974
269975
269976
269977
269978
269979
269980
269981
269983
269984
269985
269986
269987
269988
269989
269990
269991
269992
269993
269994
269995
269996
269997
269998
269999
270000
270001
270002
270003
270004
270005
270006
270007
270008
270009
270010
270011
270012
270013
270014
270015
270016
270017
270018
270019
270020
270021
270022
270023
270024
270025
270026
270027
270028
270029
270030
270031
270032
270033
270034
270035
270036
270037
270038
270039
270040
270041
270042
270043
270044
270045
270046
270047
270048
270049
270050
270051
270052
270053
270054
270055
270056
270057
270058
270059
270060
270061
270062
270063
270064
270065
270066
270068
270069
270070
270071
270072
270073
270074
270075
270076
270077
270078
270079
270080
270081
270082
270083
270084
270085
270086
270087
270088
270089
270090
270091
270092
270094
270095
270096
270097
270098
270099
270100
270101
270102
270103
270104
270105
270106
270107
270108
270109
270110
270111
270112
270113
270114
270115
270116
270117
270118
270119
270120
270121
270122
270123
270124
270125
270126
270127
270128
270129
270131
270132
270133
270134
270135
270136
270137
270138
270139
270140
270141
270142
270143
270144
270145
270146
270147
270149
270150
270151
270152
270153
270154
270155
270156
270157
270158
270159
270160
270161
270162
270163
270164
270165
270166
270167
270168
270169
270170
270171
270172
270173
270174
270175
270176
270177
270178
270179
270180
270181
270182
270183
270184
270185
270186
270187
270188
270189
270190
270191
270192
270193
270194
270195
270196
270197
270198
270199
270200
270201
270203
270204
270205
270206
270207
270208
270209
270210
270211
270212
270213
270214
270215
270216
270217
270218
270219
270220
270221
270222
270223
270224
270225
270226
270227
270228
270229
270230
270231
270232
270233
270234
270235
270236
270237
270238
270239
270240
270241
270242
270243
270244
270245
270246
270248
270249
270250
270251
270252
270253
270254
270255
270256
270257
270258
270259
270260
270261
270262
270263
270264
270265
270266
270267
270268
270269
270270
270271
270272
270273
270274
270275
270276
270277
270278
270279
270280
270281
270282
270283
270285
270286
270287
270288
270289
270290
270292
270293
270294
270295
270296
270297
270301
270302
270303
270304
270305
270306
270307
270308
270309
270310
270311
270312
270313
270314
270315
270316
270317
270318
270319
270320
270321
270322
270323
270324
270326
270327
270328
270329
270330
270332
270333
270334
270336
270337
270338
270339
270340
270341
270342
270343
270344
270346
270348
270349
270350
270351
270352
270353
270354
270355
270356
270357
270358
270359
270360
270361
270362
270363
270364
270365
270366
270367
270368
270369
270370
270371
270372
270373
270374
270375
270376
270377
270378
270379
270380
270381
270382
270383
270384
270385
270387
270388
270389
270390
270391
270392
270393
270394
270395
270396
270397
270398
270399
270401
270402
270403
270404
270405
270406
270408
270409
270410
270411
270412
270413
270414
270415
270416
270417
270418
270419
270420
270421
270423
270424
270425
270426
270427
270428
270429
270430
270431
270432
270433
270435
270436
270437
270438
270439
270440
270441
270442
270443
270444
270445
270446
270447
270448
270449
270450
270452
270453
270454
270455
270456
270457
270458
270459
270460
270462
270463
270464
270465
270466
270467
270468
270469
270470
270471
270473
270474
270475
270477
270478
270479
270480
270481
270482
270483
270484
270485
270486
270487
270488
270489
270491
270492
270494
270495
270497
270498
270499
270500
270501
270502
270503
270504
270505
270506
270507
270509
270510
270511
270512
270513
270514
270515
270516
270517
270518
270519
270520
270521
270522
270523
270524
270525
270526
270528
270529
270530
270531
270533
270534
270535
270536
270537
270538
270540
270541
270542
270543
270544
270545
270547
270548
270549
270550
270551
270552
270553
270554
270555
270556
270557
270558
270560
270561
270562
270563
270564
270565
270566
270569
270570
270571
270572
270573
270574
270576
270577
270578
270579
270580
270581
270582
270583
270584
270585
270586
270587
270588
270589
270590
270591
270592
270593
270594
270595
270596
270597
270598
270599
270600
270601
270602
270603
270604
270605
270606
270607
270608
270609
270610
270611
270612
270613
270614
270615
270616
270618
270619
270620
270622
270623
270624
270625
270626
270628
270630
270631
270632
270633
270634
270635
270636
270637
270638
270639
270641
270642
270643
270644
270645
270646
270647
270648
270650
270651
270652
270653
270654
270655
270656
270657
270660
270661
270662
270663
270664
270665
270666
270667
270668
270669
270670
270671
270672
270673
270674
270675
270676
270677
270678
270681
270682
270683
270684
270685
270687
270688
270689
270690
270691
270692
270693
270694
270695
270697
270699
270700
270701
270702
270703
270704
270705
270706
270707
270708
270709
270710
270711
270712
270713
270714
270715
270716
270717
270718
270719
270720
270721
270722
270723
270724
270725
270726
270727
270728
270729
270730
270731
270733
270734
270735
270736
270737
270738
270739
270740
270741
270742
270743
270744
270746
270747
270748
270749
270750
270751
270752
270753
270755
270756
270757
270758
270759
270760
270761
270763
270764
270765
270766
270767
270768
270769
270770
270771
270772
270773
270775
270776
270777
270778
270779
270780
270782
270783
270784
270785
270786
270787
270788
270789
270790
270791
270792
270793
270794
270795
270796
270797
270798
270800
270801
270803
270804
270805
270806
270807
270809
270810
270811
270812
270813
270814
270815
270816
270817
270818
270819
270820
270821
270822
270823
270824
270826
270828
270829
270830
270831
270832
270833
270834
270836
270837
270838
270839
270840
270841
270842
270843
270844
270845
270847
270848
270849
270851
270852
270853
270854
270855
270856
270857
270858
270859
270860
270862
270863
270864
270865
270866
270867
270868
270869
270871
270872
270873
270874
270875
270876
270877
270878
270879
270880
270881
270882
270883
270884
270885
270886
270887
270888
270889
270890
270891
270892
270893
270894
270895
270896
270897
270899
270900
270901
270902
270904
270905
270907
270908
270909
270910
270912
270914
270915
270916
270917
270918
270919
270920
270921
270922
270923
270924
270925
270926
270927
270928
270929
270930
270931
270932
270933
270934
270935
270936
270937
270938
270939
270940
270941
270942
270943
270944
270945
270946
270947
270948
270949
270950
270951
270952
270953
270954
270955
270956
270957
270959
270960
270961
270962
270963
270964
270965
270966
270967
270968
270969
270970
270971
270972
270973
270975
270976
270977
270978
270979
270980
270981
270982
270983
270984
270985
270986
270987
270988
270989
270990
270991
270992
270993
270994
270995
270996
270997
270998
270999
271000
271001
271002
271003
271004
271005
271006
271007
271008
271010
271011
271012
271013
271014
271015
271016
271017
271018
271019
271020
271021
271022
271023
271024
271025
271026
271027
271028
271029
271031
271032
271033
271034
271035
271036
271037
271038
271039
271041
271042
271046
271047
271048
271049
271050
271051
271052
271053
271054
271055
271056
271057
271058
271059
271060
271061
271062
271063
271064
271065
271066
271067
271068
271069
271070
271071
271072
271073
271074
271075
271076
271077
271078
271079
271080
271082
271084
271085
271086
271087
271088
271089
271090
271091
271092
271093
271094
271095
271096
271097
271098
271099
271100
271101
271102
271103
271104
271105
271106
271107
271108
271110
271111
271112
271113
271114
271115
271116
271117
271119
271120
271121
271122
271124
271125
271126
271127
271128
271129
271130
271131
271132
271133
271134
271136
271137
271138
271139
271140
271142
271143
271144
271145
271146
271147
271148
271149
271150
271151
271152
271153
271154
271155
271156
271157
271158
271159
271160
271161
271162
271163
271164
271165
271166
271168
271169
271170
271171
271172
271173
271175
271176
271177
271178
271179
271180
271181
271182
271183
271185
271186
271187
271188
271189
271190
271191
271192
271193
271194
271196
271197
271199
271200
271201
271202
271203
271204
271205
271206
271207
271208
271209
271210
271211
271212
271213
271214
271215
271216
271217
271218
271219
271220
271221
271222
271224
271225
271226
271227
271228
271230
271231
271232
271233
271234
271236
271237
271238
271239
271240
271241
271242
271243
271244
271245
271246
271247
271248
271249
271250
271251
271252
271253
271254
271255
271256
271257
271258
271259
271260
271261
271262
271263
271265
271266
271267
271269
271270
271271
271272
271273
271274
271276
271277
271278
271279
271280
271281
271283
271284
271285
271286
271287
271288
271289
271290
271291
271292
271293
271294
271296
271297
271298
271300
271301
271302
271303
271304
271305
271306
271308
271309
271310
271311
271312
271313
271314
271315
271316
271317
271318
271320
271321
271322
271323
271324
271325
271326
271327
271328
271329
271330
271331
271332
271333
271334
271335
271336
271337
271338
271339
271340
271341
271342
271343
271344
271345
271346
271347
271348
271350
271351
271352
271353
271354
271355
271356
271357
271358
271359
271360
271361
271362
271363
271364
271365
271366
271367
271368
271369
271370
271371
271373
271374
271375
271376
271377
271378
271380
271381
271382
271383
271384
271385
271386
271387
271388
271389
271390
271391
271392
271393
271394
271395
271396
271397
271398
271399
271400
271401
271402
271404
271405
271406
271407
271408
271409
271410
271411
271412
271413
271414
271415
271416
271417
271418
271419
271420
271422
271423
271424
271425
271427
271428
271429
271430
271432
271433
271434
271435
271436
271437
271438
271439
271441
271444
271445
271447
271448
271450
271451
271452
271453
271454
271455
271456
271457
271458
271459
271463
271464
271465
271466
271467
271468
271469
271471
271473
271474
271475
271476
271477
271478
271479
271480
271481
271482
271483
271484
271485
271486
271487
271488
271489
271490
271491
271493
271494
271496
271497
271498
271499
271500
271501
271502
271503
271504
271505
271507
271508
271510
271511
271512
271513
271514
271516
271517
271518
271519
271520
271522
271523
271524
271525
271526
271527
271528
271529
271531
271532
271533
271535
271536
271538
271539
271540
271541
271542
271543
271544
271545
271546
271547
271548
271549
271550
271551
271552
271553
271554
271555
271556
271557
271558
271559
271560
271561
271562
271563
271564
271565
271566
271567
271568
271569
271570
271571
271572
271573
271575
271576
271577
271578
271579
271580
271581
271582
271584
271586
271587
271588
271589
271590
271591
271592
271593
271595
271596
271597
271598
271599
271600
271601
271602
271603
271604
271605
271606
271607
271608
271609
271610
271611
271612
271613
271614
271615
271616
271617
271618
271619
271621
271622
271623
271624
271626
271627
271628
271630
271631
271632
271633
271634
271635
271636
271637
271638
271639
271640
271641
271642
271643
271644
271646
271647
271648
271649
271650
271651
271652
271653
271656
271657
271658
271659
271660
271661
271662
271663
271664
271665
271666
271667
271668
271669
271671
271672
271673
271674
271676
271677
271678
271679
271680
271681
271682
271683
271685
271686
271687
271688
271689
271690
271691
271692
271694
271695
271696
271697
271698
271699
271700
271701
271702
271704
271705
271706
271707
271708
271709
271711
271712
271713
271715
271717
271718
271720
271721
271723
271725
271726
271727
271728
271729
271731
271732
271733
271734
271737
271738
271739
271740
271741
271744
271745
271746
271747
271749
271750
271751
271752
271753
271754
271755
271756
271757
271758
271760
271761
271762
271764
271766
271770
271771
271773
271774
271775
271776
271777
271778
271779
271780
271781
271782
271783
271784
271785
271786
271787
271788
271789
271790
271791
271792
271793
271794
271795
271796
271797
271798
271799
271800
271801
271802
271803
271804
271805
271806
271807
271808
271809
271810
271811
271812
271813
271814
271815
271816
271817
271818
271819
271820
271821
271822
271823
271824
271825
271826
271827
271828
271829
271830
271832
271833
271834
271835
271836
271837
271838
271839
271840
271841
271842
271843
271844
271845
271846
271847
271848
271849
271850
271851
271852
271853
271854
271855
271856
271857
271858
271859
271860
271861
271862
271863
271864
271865
271866
271867
271868
271869
271870
271871
271872
271873
271874
271875
271876
271877
271878
271879
271880
271881
271882
271883
271884
271885
271886
271887
271888
271889
271890
271891
271892
271893
271894
271895
271896
271897
271898
271899
271900
271901
271903
271904
271905
271906
271907
271908
271909
271910
271911
271912
271913
271914
271915
271916
271917
271918
271919
271920
271921
271922
271923
271924
271925
271926
271927
271928
271929
271930
271931
271932
271933
271934
271935
271936
271937
271938
271939
271940
271941
271942
271943
271944
271945
271946
271947
271948
271949
271950
271951
271952
271953
271954
271956
271957
271958
271959
271960
271961
271962
271963
271964
271965
271966
271967
271968
271969
271970
271971
271972
271973
271974
271975
271976
271977
271978
271979
271980
271981
271982
271983
271984
271985
271986
271987
271988
271989
271990
271991
271992
271993
271994
271995
271996
271997
271998
271999
272000
272001
272002
272003
272004
272005
272006
272007
272008
272009
272010
272011
272012
272013
272014
272015
272016
272017
272018
272019
272020
272021
272022
272023
272024
272025
272026
272027
272028
272029
272030
272031
272032
272033
272034
272035
272036
272037
272038
272039
272040
272041
272042
272043
272044
272045
272046
272047
272048
272049
272050
272051
272052
272053
272054
272055
272056
272057
272058
272059
272060
272061
272062
272063
272064
272065
272066
272067
272068
272069
272070
272071
272072
272073
272074
272075
272076
272077
272078
272079
272080
272081
272082
272083
272084
272085
272086
272087
272088
272089
272090
272091
272092
272093
272094
272095
272096
272097
272098
272099
272100
272101
272102
272103
272104
272105
272106
272107
272108
272109
272110
272111
272112
272113
272114
272115
272116
272117
272118
272119
272120
272121
272122
272123
272124
272125
272127
272128
272129
272130
272131
272132
272133
272134
272135
272136
272137
272138
272139
272140
272141
272142
272143
272144
272145
272146
272147
272148
272149
272150
272151
272152
272153
272154
272155
272156
272157
272158
272159
272160
272161
272162
272163
272164
272165
272166
272167
272169
272171
272172
272173
272174
272175
272176
272177
272179
272180
272182
272183
272184
272185
272187
272190
272191
272192
272193
272195
272197
272198
272199
272200
272201
272202
272203
272204
272205
272207
272209
272210
272211
272212
272213
272214
272215
272216
272217
272218
272219
272220
272221
272222
272224
272225
272226
272228
272231
272232
272234
272235
272236
272237
272239
272241
272243
272244
272245
272247
272248
272249
272250
272252
272253
272254
272259
272260
272262
272263
272264
272265
272266
272267
272268
272269
272270
272271
272272
272273
272274
272275
272276
272277
272278
272279
272280
272281
272282
272283
272284
272285
272286
272288
272289
272290
272291
272292
272294
272295
272297
272299
272300
272301
272303
272304
272305
272309
272310
272311
272312
272313
272314
272315
272316
272317
272318
272319
272320
272321
272322
272323
272324
272325
272327
272328
272329
272330
272331
272332
272334
272335
272336
272337
272338
272339
272341
272343
272344
272345
272346
272347
272348
272349
272350
272352
272353
272355
272356
272358
272359
272361
272362
272363
272364
272365
272366
272367
272368
272369
272370
272371
272372
272373
272374
272375
272377
272378
272379
272381
272383
272384
272385
272386
272387
272388
272391
272392
272393
272394
272395
272397
272398
272399
272400
272401
272402
272403
272404
272405
272406
272407
272408
272409
272411
272412
272413
272414
272415
272416
272417
272418
272419
272420
272421
272422
272423
272425
272426
272427
272428
272429
272430
272431
272432
272433
272434
272435
272436
272437
272438
272439
272440
272441
272442
272443
272445
272446
272447
272450
272451
272453
272454
272455
272456
272457
272458
272459
272460
272461
272463
272464
272465
272466
272467
272468
272470
272471
272474
272476
272477
272478
272479
272480
272481
272482
272483
272484
272485
272486
272487
272488
272489
272491
272493
272494
272495
272496
272497
272498
272499
272500
272501
272502
272503
272504
272505
272506
272508
272509
272510
272511
272512
272513
272514
272517
272518
272519
272522
272524
272527
272528
272529
272530
272532
272533
272535
272536
272537
272538
272539
272541
272542
272543
272545
272547
272548
272549
272550
272551
272552
272553
272554
272555
272556
272558
272559
272561
272563
272564
272565
272566
272568
272569
272570
272571
272572
272573
272574
272575
272576
272577
272578
272579
272581
272583
272584
272585
272586
272587
272588
272589
272590
272591
272594
272596
272597
272598
272599
272601
272603
272604
272605
272606
272607
272609
272610
272611
272612
272613
272614
272615
272616
272618
272619
272620
272621
272623
272624
272626
272627
272628
272629
272630
272631
272632
272633
272634
272635
272636
272637
272638
272639
272641
272643
272644
272645
272646
272647
272648
272649
272651
272652
272653
272654
272655
272656
272658
272659
272660
272661
272662
272663
272664
272665
272666
272667
272668
272669
272670
272671
272672
272673
272674
272675
272676
272677
272678
272679
272681
272685
272686
272687
272688
272691
272692
272693
272694
272695
272696
272697
272698
272699
272701
272702
272703
272704
272705
272707
272708
272709
272710
272711
272712
272713
272715
272716
272718
272719
272720
272721
272722
272723
272724
272725
272726
272727
272730
272731
272732
272734
272735
272736
272738
272739
272740
272741
272742
272744
272747
272748
272749
272750
272751
272752
272753
272754
272756
272757
272758
272761
272762
272763
272764
272765
272766
272767
272768
272769
272770
272772
272773
272774
272775
272776
272777
272778
272779
272780
272781
272783
272784
272785
272786
272787
272788
272789
272790
272791
272792
272794
272796
272797
272798
272799
272800
272801
272802
272803
272804
272805
272806
272807
272808
272809
272810
272811
272812
272813
272814
272815
272816
272817
272818
272819
272820
272821
272822
272823
272824
272825
272826
272827
272828
272829
272830
272831
272832
272833
272834
272835
272836
272837
272838
272839
272840
272841
272842
272843
272844
272845
272846
272847
272848
272849
272850
272851
272852
272853
272854
272855
272856
272857
272858
272859
272860
272861
272862
272863
272864
272865
272867
272868
272869
272870
272871
272872
272873
272874
272875
272876
272877
272878
272879
272880
272881
272882
272883
272884
272885
272886
272887
272888
272889
272890
272891
272892
272893
272894
272895
272896
272897
272898
272899
272900
272901
272902
272903
272904
272905
272906
272907
272908
272909
272910
272911
272912
272913
272914
272916
272917
272918
272919
272920
272921
272922
272923
272924
272925
272926
272928
272929
272930
272931
272932
272933
272934
272935
272936
272937
272938
272939
272940
272941
272942
272943
272944
272945
272946
272947
272948
272949
272950
272951
272952
272953
272954
272955
272956
272957
272958
272959
272960
272961
272962
272963
272964
272965
272966
272967
272968
272969
272970
272971
272972
272973
272974
272975
272976
272977
272978
272979
272980
272981
272982
272983
272984
272985
272986
272987
272988
272989
272990
272991
272992
272993
272994
272995
272996
272997
272998
272999
273000
273001
273002
273003
273004
273005
273006
273007
273008
273009
273010
273011
273012
273013
273014
273015
273016
273017
273018
273019
273020
273021
273022
273023
273024
273025
273026
273027
273028
273029
273030
273031
273032
273033
273034
273035
273037
273038
273039
273040
273041
273042
273043
273044
273045
273046
273047
273048
273049
273050
273051
273052
273053
273054
273055
273056
273057
273058
273059
273060
273061
273062
273063
273064
273065
273066
273067
273068
273069
273070
273071
273072
273073
273074
273075
273076
273077
273078
273079
273080
273081
273082
273083
273084
273085
273086
273087
273088
273089
273090
273091
273092
273093
273094
273095
273096
273097
273098
273099
273100
273101
273102
273103
273104
273105
273106
273107
273108
273109
273110
273111
273112
273113
273114
273115
273116
273117
273118
273119
273120
273121
273122
273123
273124
273125
273126
273127
273128
273129
273131
273132
273133
273134
273135
273136
273137
273138
273139
273140
273141
273142
273143
273144
273145
273146
273147
273148
273149
273150
273151
273152
273153
273154
273155
273156
273157
273158
273159
273160
273161
273162
273163
273164
273165
273166
273167
273168
273169
273170
273171
273172
273173
273174
273175
273176
273177
273178
273179
273180
273181
273182
273183
273185
273186
273187
273188
273189
273190
273191
273192
273193
273194
273195
273196
273197
273198
273199
273200
273201
273202
273203
273204
273205
273206
273207
273208
273209
273210
273211
273212
273213
273214
273215
273216
273217
273218
273219
273220
273221
273222
273223
273224
273225
273226
273227
273228
273229
273230
273231
273232
273233
273234
273235
273236
273237
273238
273240
273241
273242
273243
273244
273245
273246
273247
273248
273249
273250
273251
273252
273253
273254
273255
273256
273257
273258
273259
273261
273262
273263
273264
273265
273266
273267
273269
273270
273271
273272
273273
273274
273275
273276
273277
273278
273279
273280
273281
273282
273283
273284
273285
273286
273287
273288
273291
273309
273310
273311
273312
273313
273314
273315
273316
273317
273318
273319
273320
273321
273323
273325
273326
273328
273330
273331
273332
273333
273334
273335
273336
273337
273338
273339
273340
273341
273343
273344
273345
273346
273347
273348
273349
273350
273351
273352
273355
273356
273357
273358
273359
273360
273361
273362
273363
273364
273365
273366
273367
273368
273369
273370
273371
273372
273373
273374
273375
273376
273378
273379
273380
273381
273382
273383
273384
273385
273386
273387
273388
273389
273390
273391
273392
273393
273394
273395
273396
273397
273398
273399
273400
273401
273402
273404
273405
273406
273407
273408
273409
273410
273411
273412
273413
273414
273416
273417
273418
273419
273420
273421
273422
273423
273424
273425
273426
273427
273428
273429
273430
273431
273432
273433
273434
273435
273436
273438
273439
273440
273441
273442
273443
273444
273445
273446
273447
273448
273449
273451
273452
273453
273454
273455
273456
273457
273458
273459
273460
273461
273462
273463
273464
273465
273466
273467
273468
273469
273470
273471
273472
273473
273474
273475
273476
273477
273478
273479
273480
273481
273482
273483
273484
273485
273486
273487
273488
273489
273490
273491
273492
273493
273494
273495
273496
273497
273498
273499
273500
273501
273502
273503
273504
273505
273506
273507
273508
273509
273510
273511
273512
273513
273514
273515
273516
273517
273518
273519
273520
273521
273522
273523
273524
273525
273526
273527
273528
273529
273530
273531
273532
273533
273534
273535
273536
273537
273538
273539
273540
273541
273542
273543
273544
273545
273546
273547
273548
273549
273550
273551
273552
273553
273554
273555
273556
273557
273558
273559
273560
273561
273562
273563
273564
273567
273568
273569
273570
273571
273573
273574
273575
273577
273578
273580
273581
273583
273584
273585
273586
273587
273588
273589
273590
273591
273593
273594
273595
273596
273597
273598
273599
273600
273601
273602
273603
273604
273605
273606
273607
273608
273609
273611
273612
273613
273614
273615
273616
273617
273618
273619
273621
273622
273623
273624
273625
273626
273627
273629
273630
273631
273633
273634
273635
273637
273638
273639
273640
273641
273642
273643
273644
273646
273647
273648
273649
273650
273651
273652
273654
273655
273656
273658
273659
273660
273661
273662
273663
273664
273665
273666
273667
273669
273671
273672
273673
273674
273675
273676
273677
273678
273679
273680
273682
273683
273684
273685
273686
273687
273688
273689
273690
273691
273692
273694
273695
273697
273700
273701
273702
273703
273704
273705
273706
273707
273708
273709
273710
273711
273712
273713
273714
273715
273716
273717
273718
273719
273720
273721
273723
273725
273726
273727
273728
273729
273730
273731
273732
273734
273735
273736
273737
273739
273740
273741
273742
273743
273744
273745
273746
273747
273748
273749
273750
273751
273752
273753
273754
273755
273756
273757
273758
273759
273760
273761
273762
273763
273764
273765
273766
273767
273768
273769
273770
273771
273772
273773
273774
273775
273776
273777
273778
273779
273780
273781
273782
273783
273784
273785
273786
273787
273788
273789
273790
273791
273792
273793
273794
273795
273796
273797
273798
273799
273800
273801
273802
273803
273804
273805
273806
273807
273808
273809
273810
273811
273812
273813
273814
273815
273816
273818
273819
273820
273821
273822
273823
273824
273825
273826
273827
273828
273829
273830
273831
273832
273833
273834
273835
273836
273837
273838
273839
273840
273841
273842
273843
273844
273845
273846
273847
273848
273849
273850
273851
273852
273853
273854
273855
273856
273857
273858
273859
273860
273861
273862
273863
273864
273865
273866
273867
273868
273869
273870
273871
273872
273873
273874
273875
273876
273877
273878
273879
273880
273881
273882
273883
273884
273885
273886
273887
273888
273889
273890
273891
273892
273893
273894
273895
273896
273897
273898
273899
273900
273901
273902
273903
273904
273905
273906
273907
273908
273909
273910
273911
273912
273913
273914
273915
273916
273917
273918
273919
273920
273921
273922
273923
273924
273925
273926
273927
273928
273929
273930
273931
273932
273933
273934
273935
273936
273937
273938
273939
273940
273941
273942
273943
273944
273945
273946
273947
273948
273949
273950
273951
273952
273953
273954
273955
273956
273957
273958
273959
273960
273961
273962
273963
273964
273965
273966
273967
273968
273969
273970
273971
273972
273973
273974
273975
273976
273977
273978
273979
273980
273981
273982
273983
273984
273985
273986
273987
273988
273989
273990
273991
273992
273993
273994
273995
273996
273997
273998
273999
274000
274001
274003
274004
274005
274006
274007
274008
274009
274010
274011
274012
274013
274014
274015
274016
274017
274018
274019
274020
274021
274022
274023
274024
274025
274026
274027
274028
274029
274030
274031
274032
274033
274034
274035
274036
274037
274038
274039
274040
274041
274042
274043
274044
274045
274046
274047
274048
274049
274050
274051
274052
274053
274054
274055
274056
274057
274058
274059
274060
274061
274062
274063
274064
274065
274066
274067
274068
274069
274070
274071
274072
274073
274074
274075
274076
274077
274078
274079
274080
274081
274082
274083
274084
274085
274086
274087
274088
274089
274090
274091
274092
274093
274094
274095
274096
274097
274098
274099
274100
274101
274102
274103
274104
274105
274106
274107
274108
274109
274110
274111
274112
274113
274114
274115
274116
274117
274118
274119
274120
274121
274122
274123
274124
274125
274126
274127
274128
274129
274130
274131
274132
274133
274134
274135
274136
274137
274138
274139
274140
274141
274142
274144
274145
274146
274147
274148
274149
274150
274151
274152
274153
274154
274155
274156
274157
274158
274159
274160
274161
274162
274163
274164
274165
274166
274167
274168
274169
274170
274171
274172
274173
274174
274175
274176
274177
274461
274462
274463
274464
274465
274466
274467
274468
274469
274470
274471
274472
274473
274474
274475
274476
274477
274478
274479
274480
274481
274482
274483
274484
274485
274486
274487
274488
274489
274490
274491
274492
274493
274494
274495
274496
274497
274498
274499
274500
274589
274590
274591
274592
274593
274594
274595
274596
274597
274598
274599
274600
274601
274602
274603
274604
274605
274606
274607
274608
274609
274610
274611
274612
274613
274614
274615
274616
274617
274618
274619
274620
274621
274622
274623
274624
274625
274626
274627
274628
274629
274630
274631
274632
274633
274634
274635
274636
274637
274638
274639
274640
274641
274642
274643
274644
274645
274646
274647
274648
274649
274650
274651
274652
274653
274654
274655
274656
274657
274658
274659
274660
274661
274662
274663
274664
274665
274666
274667
274668
274669
274670
274671
274672
274673
274674
274675
274676
274677
274678
274679
274680
274681
274682
274683
274684
274685
274686
274687
274688
274689
274690
274691
274692
274693
274694
274695
274696
274697
274698
274699
274700
274701
274702
274703
274704
274705
274706
274707
274708
274709
274710
274711
274712
274713
274714
274715
274716
274717
274718
274719
274720
274721
274722
274723
274724
274725
274726
274727
274728
274729
274730
274731
274732
274733
274734
274735
274736
274737
274738
274739
274740
274741
274742
274743
274744
274745
274746
274747
274748
274749
274750
274751
274752
274753
274754
274755
274756
274757
274758
274759
274760
274761
274762
274763
274764
274765
274766
274767
274768
274769
274770
274771
274772
274773
274774
274775
274776
274777
274778
274779
274780
274781
274782
274783
274784
274785
274786
274787
274788
274789
274790
274791
274792
274793
274794
274795
274796
274797
274798
274799
274800
274801
274802
274803
274804
274805
274806
274807
274808
274809
274810
274811
274812
274813
274814
274815
274816
274817
274818
274819
274820
274821
274822
274823
274824
274825
274826
274827
274828
274829
274830
274831
274832
274833
274834
274835
274836
274837
274838
274839
274840
274841
274842
274843
274844